1 1 0.000000
1 2 0.000000
1 3 0.000000
1 4 0.000000
1 5 0.000000
1 6 0.000000
1 7 0.000000
1 8 0.000000
1 9 0.000000
1 10 0.000000
1 11 0.000000
1 12 0.000000
1 13 0.000000
1 14 0.000000
1 15 0.000000
1 16 0.000000
1 17 0.000000
1 18 0.000000
1 19 0.000000
1 20 0.000000
1 21 0.000000
1 22 0.000000
1 23 0.000000
1 24 0.000000
1 25 0.000000
1 26 0.000000
1 27 0.000000
1 28 0.000000
1 29 0.000000
1 30 0.000000
1 31 0.000000
1 32 0.000000
1 33 0.000000
1 34 0.000000
1 35 0.000000
1 36 0.000000
1 37 0.000000
1 38 0.000000
1 39 0.000000
1 40 0.000000
1 41 0.000000
1 42 0.000000
1 43 0.000000
1 44 0.000000
1 45 0.000000
1 46 0.000000
1 47 0.000000
1 48 0.000000
1 49 0.000000
1 50 0.000000
1 51 0.000000
1 52 0.000000
1 53 0.000000
1 54 0.000000
1 55 0.000000
1 56 0.000000
1 57 0.000000
1 58 0.000000
1 59 0.000000
1 60 0.000000
1 61 0.000000
1 62 0.000000
1 63 0.000000
1 64 0.000000
1 65 0.000000
1 66 0.000000
1 67 0.000000
1 68 0.000000
1 69 0.000000
1 70 0.000000
1 71 0.000000
1 72 0.000000
1 73 0.000000
1 74 0.000000
1 75 0.000000
1 76 0.000000
1 77 0.000000
1 78 0.000000
1 79 0.000000
1 80 0.000000
1 81 0.000000
1 82 0.000000
1 83 0.000000
1 84 0.000000
1 85 0.000000
1 86 0.000000
1 87 0.000000
1 88 0.000000
1 89 0.000000
1 90 0.000000
1 91 0.000000
1 92 0.000000
1 93 0.000000
1 94 0.000000
1 95 0.000000
1 96 0.000000
1 97 0.000000
1 98 0.000000
1 99 0.000000
3 1 0.000000
3 2 0.000000
3 3 0.000000
3 4 0.000000
3 5 0.000000
3 6 0.000000
3 7 0.000000
3 8 0.000000
3 9 0.000000
3 10 0.000000
3 11 0.000000
3 12 0.000000
3 13 0.000000
3 14 0.000000
3 15 0.000000
3 16 0.000000
3 17 0.000000
3 18 0.000000
3 19 0.000000
3 20 0.000000
3 21 0.000000
3 22 0.000000
3 23 0.000000
3 24 0.000000
3 25 0.000000
3 26 0.000000
3 27 0.000000
3 28 0.000000
3 29 0.000000
3 30 0.000000
3 31 0.000000
3 32 0.000000
3 33 0.000000
3 34 0.000000
3 35 0.000000
3 36 0.000000
3 37 0.000000
3 38 0.000000
3 39 0.000000
3 40 0.000000
3 41 0.000000
3 42 0.000000
3 43 0.000000
3 44 0.000000
3 45 0.000000
3 46 0.000000
3 47 0.000000
3 48 0.000000
3 49 0.000000
3 50 0.000000
3 51 0.000000
3 52 0.000000
3 53 0.000000
3 54 0.000000
3 55 0.000000
3 56 0.000000
3 57 0.000000
3 58 0.000000
3 59 0.000000
3 60 0.000000
3 61 0.000000
3 62 0.000000
3 63 0.000000
3 64 0.000000
3 65 0.000000
3 66 0.000000
3 67 0.000000
3 68 0.000000
3 69 0.000000
3 70 0.000000
3 71 0.000000
3 72 0.000000
3 73 0.000000
3 74 0.000000
3 75 0.000000
3 76 0.000000
3 77 0.000000
3 78 0.000000
3 79 0.000000
3 80 0.000000
3 81 0.000000
3 82 0.000000
3 83 0.000000
3 84 0.000000
3 85 0.000000
3 86 0.000000
3 87 0.000000
3 88 0.000000
3 89 0.000000
3 90 0.000000
3 91 0.000000
3 92 0.000000
3 93 0.000000
3 94 0.000000
3 95 0.000000
3 96 0.000000
3 97 0.000000
3 98 0.000000
3 99 0.000000
5 1 0.000000
5 2 0.000000
5 3 0.000000
5 4 0.000000
5 5 0.000000
5 6 0.000000
5 7 0.000000
5 8 0.000000
5 9 0.000000
5 10 0.000000
5 11 0.000000
5 12 0.000000
5 13 0.000000
5 14 0.000000
5 15 0.000000
5 16 0.000000
5 17 0.000000
5 18 0.000000
5 19 0.000000
5 20 0.000000
5 21 0.000000
5 22 0.000000
5 23 0.000000
5 24 0.000000
5 25 0.000000
5 26 0.000000
5 27 0.000000
5 28 0.000000
5 29 0.000000
5 30 0.000000
5 31 0.000000
5 32 0.000000
5 33 0.000000
5 34 0.000000
5 35 0.000000
5 36 0.000000
5 37 0.000000
5 38 0.000000
5 39 0.000000
5 40 0.000000
5 41 0.000000
5 42 0.000000
5 43 0.000000
5 44 0.000000
5 45 0.000000
5 46 0.000000
5 47 0.000000
5 48 0.000000
5 49 0.000000
5 50 0.000000
5 51 0.000000
5 52 0.000000
5 53 0.000000
5 54 0.000000
5 55 0.000000
5 56 0.000000
5 57 0.000000
5 58 0.000000
5 59 0.000000
5 60 0.000000
5 61 0.000000
5 62 0.000000
5 63 0.000000
5 64 0.000000
5 65 0.000000
5 66 0.000000
5 67 0.000000
5 68 0.000000
5 69 0.000000
5 70 0.000000
5 71 0.000000
5 72 0.000000
5 73 0.000000
5 74 0.000000
5 75 0.000000
5 76 0.000000
5 77 0.000000
5 78 0.000000
5 79 0.000000
5 80 0.000000
5 81 0.000000
5 82 0.000000
5 83 0.000000
5 84 0.000000
5 85 0.000000
5 86 0.000000
5 87 0.000000
5 88 0.000000
5 89 0.000000
5 90 0.000000
5 91 0.000000
5 92 0.000000
5 93 0.000000
5 94 0.000000
5 95 0.000000
5 96 0.000000
5 97 0.000000
5 98 0.000000
5 99 0.000000
7 1 0.000000
7 2 0.000000
7 3 0.000000
7 4 0.000000
7 5 0.000000
7 6 0.000000
7 7 0.000000
7 8 0.000000
7 9 0.000000
7 10 0.000000
7 11 0.000000
7 12 0.000000
7 13 0.000000
7 14 0.000000
7 15 0.000000
7 16 0.000000
7 17 0.000000
7 18 0.000000
7 19 0.000000
7 20 0.000000
7 21 0.000000
7 22 0.000000
7 23 0.000000
7 24 0.000000
7 25 0.000000
7 26 0.000000
7 27 0.000000
7 28 0.000000
7 29 0.000000
7 30 0.000000
7 31 0.000000
7 32 0.000000
7 33 0.000000
7 34 0.000000
7 35 0.000000
7 36 0.000000
7 37 0.000000
7 38 0.000000
7 39 0.000000
7 40 0.000000
7 41 0.000000
7 42 0.000000
7 43 0.000000
7 44 0.000000
7 45 0.000000
7 46 0.000000
7 47 0.000000
7 48 0.000000
7 49 0.000000
7 50 0.000000
7 51 0.000000
7 52 0.000000
7 53 0.000000
7 54 0.000000
7 55 0.000000
7 56 0.000000
7 57 0.000000
7 58 0.000000
7 59 0.000000
7 60 0.000000
7 61 0.000000
7 62 0.000000
7 63 0.000000
7 64 0.000000
7 65 0.000000
7 66 0.000000
7 67 0.000000
7 68 0.000000
7 69 0.000000
7 70 0.000000
7 71 0.000000
7 72 0.000000
7 73 0.000000
7 74 0.000000
7 75 0.000000
7 76 0.000000
7 77 0.000000
7 78 0.000000
7 79 0.000000
7 80 0.000000
7 81 0.000000
7 82 0.000000
7 83 0.000000
7 84 0.000000
7 85 0.000000
7 86 0.000000
7 87 0.000000
7 88 0.000000
7 89 0.000000
7 90 0.000000
7 91 0.000000
7 92 0.000000
7 93 0.000000
7 94 0.000000
7 95 0.000000
7 96 0.000000
7 97 0.000000
7 98 0.000000
7 99 0.000000
9 1 0.000000
9 2 0.000000
9 3 0.000000
9 4 0.000000
9 5 0.000000
9 6 0.000000
9 7 0.000000
9 8 0.000000
9 9 0.000000
9 10 0.000000
9 11 0.000000
9 12 0.000000
9 13 0.000000
9 14 0.000000
9 15 0.000000
9 16 0.000000
9 17 0.000000
9 18 0.000000
9 19 0.000000
9 20 0.000000
9 21 0.000000
9 22 0.000000
9 23 0.000000
9 24 0.000000
9 25 0.000000
9 26 0.000000
9 27 0.000000
9 28 0.000000
9 29 0.000000
9 30 0.000000
9 31 0.000000
9 32 0.000000
9 33 0.000000
9 34 0.000000
9 35 0.000000
9 36 0.000000
9 37 0.000000
9 38 0.000000
9 39 0.000000
9 40 0.000000
9 41 0.000000
9 42 0.000000
9 43 0.000000
9 44 0.000000
9 45 0.000000
9 46 0.000000
9 47 0.000000
9 48 0.000000
9 49 0.000000
9 50 0.000000
9 51 0.000000
9 52 0.000000
9 53 0.000000
9 54 0.000000
9 55 0.000000
9 56 0.000000
9 57 0.000000
9 58 0.000000
9 59 0.000000
9 60 0.000000
9 61 0.000000
9 62 0.000000
9 63 0.000000
9 64 0.000000
9 65 0.000000
9 66 0.000000
9 67 0.000000
9 68 0.000000
9 69 0.000000
9 70 0.000000
9 71 0.000000
9 72 0.000000
9 73 0.000000
9 74 0.000000
9 75 0.000000
9 76 0.000000
9 77 0.000000
9 78 0.000000
9 79 0.000000
9 80 0.000000
9 81 0.000000
9 82 0.000000
9 83 0.000000
9 84 0.000000
9 85 0.000000
9 86 0.000000
9 87 0.000000
9 88 0.000000
9 89 0.000000
9 90 0.000000
9 91 0.000000
9 92 0.000000
9 93 0.000000
9 94 0.000000
9 95 0.000000
9 96 0.000000
9 97 0.000000
9 98 0.000000
9 99 0.000000
11 1 0.000000
11 2 0.000000
11 3 0.000000
11 4 0.000000
11 5 0.000000
11 6 0.000000
11 7 0.000000
11 8 0.000000
11 9 0.000000
11 10 0.000000
11 11 0.000000
11 12 0.000000
11 13 0.000000
11 14 0.000000
11 15 0.000000
11 16 0.000000
11 17 0.000000
11 18 0.000000
11 19 0.000000
11 20 0.000000
11 21 0.000000
11 22 0.000000
11 23 0.000000
11 24 0.000000
11 25 0.000000
11 26 0.000000
11 27 0.000000
11 28 0.000000
11 29 0.000000
11 30 0.000000
11 31 0.000000
11 32 0.000000
11 33 0.000000
11 34 0.000000
11 35 0.000000
11 36 0.000000
11 37 0.000000
11 38 0.000000
11 39 0.000000
11 40 0.000000
11 41 0.000000
11 42 0.000000
11 43 0.000000
11 44 0.000000
11 45 0.000000
11 46 0.000000
11 47 0.000000
11 48 0.000000
11 49 0.000000
11 50 0.000000
11 51 0.000000
11 52 0.000000
11 53 0.000000
11 54 0.000000
11 55 0.000000
11 56 0.000000
11 57 0.000000
11 58 0.000000
11 59 0.000000
11 60 0.000000
11 61 0.000000
11 62 0.000000
11 63 0.000000
11 64 0.000000
11 65 0.000000
11 66 0.000000
11 67 0.000000
11 68 0.000000
11 69 0.000000
11 70 0.000000
11 71 0.000000
11 72 0.000000
11 73 0.000000
11 74 0.000000
11 75 0.000000
11 76 0.000000
11 77 0.000000
11 78 0.000000
11 79 0.000000
11 80 0.000000
11 81 0.000000
11 82 0.000000
11 83 0.000000
11 84 0.000000
11 85 0.000000
11 86 0.000000
11 87 0.000000
11 88 0.000000
11 89 0.000000
11 90 0.000000
11 91 0.000000
11 92 0.000000
11 93 0.000000
11 94 0.000000
11 95 0.000000
11 96 0.000000
11 97 0.000000
11 98 0.000000
11 99 0.000000
13 1 0.000000
13 2 0.000000
13 3 0.000000
13 4 0.000000
13 5 0.000000
13 6 0.000000
13 7 0.000000
13 8 0.000000
13 9 0.000000
13 10 0.000000
13 11 0.000000
13 12 0.000000
13 13 0.000000
13 14 0.000000
13 15 0.000000
13 16 0.000000
13 17 0.000000
13 18 0.000000
13 19 0.000000
13 20 0.000000
13 21 0.000000
13 22 0.000000
13 23 0.000000
13 24 0.000000
13 25 0.000000
13 26 0.000000
13 27 0.000000
13 28 0.000000
13 29 0.000000
13 30 0.000000
13 31 0.000000
13 32 0.000000
13 33 0.000000
13 34 0.000000
13 35 0.000000
13 36 0.000000
13 37 0.000000
13 38 0.000000
13 39 0.000000
13 40 0.000000
13 41 0.000000
13 42 0.000000
13 43 0.000000
13 44 0.000000
13 45 0.000000
13 46 0.000000
13 47 0.000000
13 48 0.000000
13 49 0.000000
13 50 0.000000
13 51 0.000000
13 52 0.000000
13 53 0.000000
13 54 0.000000
13 55 0.000000
13 56 0.000000
13 57 0.000000
13 58 0.000000
13 59 0.000000
13 60 0.000000
13 61 0.000000
13 62 0.000000
13 63 0.000000
13 64 0.000000
13 65 0.000000
13 66 0.000000
13 67 0.000000
13 68 0.000000
13 69 0.000000
13 70 0.000000
13 71 0.000000
13 72 0.000000
13 73 0.000000
13 74 0.000000
13 75 0.000000
13 76 0.000000
13 77 0.000000
13 78 0.000000
13 79 0.000000
13 80 0.000000
13 81 0.000000
13 82 0.000000
13 83 0.000000
13 84 0.000000
13 85 0.000000
13 86 0.000000
13 87 0.000000
13 88 0.000000
13 89 0.000000
13 90 0.000000
13 91 0.000000
13 92 0.000000
13 93 0.000000
13 94 0.000000
13 95 0.000000
13 96 0.000000
13 97 0.000000
13 98 0.000000
13 99 0.000000
15 1 0.000000
15 2 0.000000
15 3 0.000000
15 4 0.000000
15 5 0.000000
15 6 0.000000
15 7 0.000000
15 8 0.000000
15 9 0.000000
15 10 0.000000
15 11 0.000000
15 12 0.000000
15 13 0.000000
15 14 0.000000
15 15 0.000000
15 16 0.000000
15 17 0.000000
15 18 0.000000
15 19 0.000000
15 20 0.000000
15 21 0.000000
15 22 0.000000
15 23 0.000000
15 24 0.000000
15 25 0.000000
15 26 0.000000
15 27 0.000000
15 28 0.000000
15 29 0.000000
15 30 0.000000
15 31 0.000000
15 32 0.000000
15 33 0.000000
15 34 0.000000
15 35 0.000000
15 36 0.000000
15 37 0.000000
15 38 0.000000
15 39 0.000000
15 40 0.000000
15 41 0.000000
15 42 0.000000
15 43 0.000000
15 44 0.000000
15 45 0.000000
15 46 0.000000
15 47 0.000000
15 48 0.000000
15 49 0.000000
15 50 0.000000
15 51 0.000000
15 52 0.000000
15 53 0.000000
15 54 0.000000
15 55 0.000000
15 56 0.000000
15 57 0.000000
15 58 0.000000
15 59 0.000000
15 60 0.000000
15 61 0.000000
15 62 0.000000
15 63 0.000000
15 64 0.000000
15 65 0.000000
15 66 0.000000
15 67 0.000000
15 68 0.000000
15 69 0.000000
15 70 0.000000
15 71 0.000000
15 72 0.000000
15 73 0.000000
15 74 0.000000
15 75 0.000000
15 76 0.000000
15 77 0.000000
15 78 0.000000
15 79 0.000000
15 80 0.000000
15 81 0.000000
15 82 0.000000
15 83 0.000000
15 84 0.000000
15 85 0.000000
15 86 0.000000
15 87 0.000000
15 88 0.000000
15 89 0.000000
15 90 0.000000
15 91 0.000000
15 92 0.000000
15 93 0.000000
15 94 0.000000
15 95 0.000000
15 96 0.000000
15 97 0.000000
15 98 0.000000
15 99 0.000000
17 1 0.000000
17 2 0.000000
17 3 0.000000
17 4 0.000000
17 5 0.000000
17 6 0.000000
17 7 0.000000
17 8 0.000000
17 9 0.000000
17 10 0.000000
17 11 0.000000
17 12 0.000000
17 13 0.000000
17 14 0.000000
17 15 0.000000
17 16 0.000000
17 17 0.000000
17 18 0.000000
17 19 0.000000
17 20 0.000000
17 21 0.000000
17 22 0.000000
17 23 0.000000
17 24 0.000000
17 25 0.000000
17 26 0.000000
17 27 0.000000
17 28 0.000000
17 29 0.000000
17 30 0.000000
17 31 0.000000
17 32 0.000000
17 33 0.000000
17 34 0.000000
17 35 0.000000
17 36 0.000000
17 37 0.000000
17 38 0.000000
17 39 0.000000
17 40 0.000000
17 41 0.000000
17 42 0.000000
17 43 0.000000
17 44 0.000000
17 45 0.000000
17 46 0.000000
17 47 0.000000
17 48 0.000000
17 49 0.000000
17 50 0.000000
17 51 0.000000
17 52 0.000000
17 53 0.000000
17 54 0.000000
17 55 0.000000
17 56 0.000000
17 57 0.000000
17 58 0.000000
17 59 0.000000
17 60 0.000000
17 61 0.000000
17 62 0.000000
17 63 0.000000
17 64 0.000000
17 65 0.000000
17 66 0.000000
17 67 0.000000
17 68 0.000000
17 69 0.000000
17 70 0.000000
17 71 0.000000
17 72 0.000000
17 73 0.000000
17 74 0.000000
17 75 0.000000
17 76 0.000000
17 77 0.000000
17 78 0.000000
17 79 0.000000
17 80 0.000000
17 81 0.000000
17 82 0.000000
17 83 0.000000
17 84 0.000000
17 85 0.000000
17 86 0.000000
17 87 0.000000
17 88 0.000000
17 89 0.000000
17 90 0.000000
17 91 0.000000
17 92 0.000000
17 93 0.000000
17 94 0.000000
17 95 0.000000
17 96 0.000000
17 97 0.000000
17 98 0.000000
17 99 0.000000
19 1 0.000000
19 2 0.000000
19 3 0.000000
19 4 0.000000
19 5 0.000000
19 6 0.000000
19 7 0.000000
19 8 0.000000
19 9 0.000000
19 10 0.000000
19 11 0.000000
19 12 0.000000
19 13 0.000000
19 14 0.000000
19 15 0.000000
19 16 0.000000
19 17 0.000000
19 18 0.000000
19 19 0.000000
19 20 0.000000
19 21 0.000000
19 22 0.000000
19 23 0.000000
19 24 0.000000
19 25 0.000000
19 26 0.000000
19 27 0.000000
19 28 0.000000
19 29 0.000000
19 30 0.000000
19 31 0.000000
19 32 0.000000
19 33 0.000000
19 34 0.000000
19 35 0.000000
19 36 0.000000
19 37 0.000000
19 38 0.000000
19 39 0.000000
19 40 0.000000
19 41 0.000000
19 42 0.000000
19 43 0.000000
19 44 0.000000
19 45 0.000000
19 46 0.000000
19 47 0.000000
19 48 0.000000
19 49 0.000000
19 50 0.000000
19 51 0.000000
19 52 0.000000
19 53 0.000000
19 54 0.000000
19 55 0.000000
19 56 0.000000
19 57 0.000000
19 58 0.000000
19 59 0.000000
19 60 0.000000
19 61 0.000000
19 62 0.000000
19 63 0.000000
19 64 0.000000
19 65 0.000000
19 66 0.000000
19 67 0.000000
19 68 0.000000
19 69 0.000000
19 70 0.000000
19 71 0.000000
19 72 0.000000
19 73 0.000000
19 74 0.000000
19 75 0.000000
19 76 0.000000
19 77 0.000000
19 78 0.000000
19 79 0.000000
19 80 0.000000
19 81 0.000000
19 82 0.000000
19 83 0.000000
19 84 0.000000
19 85 0.000000
19 86 0.000000
19 87 0.000000
19 88 0.000000
19 89 0.000000
19 90 0.000000
19 91 0.000000
19 92 0.000000
19 93 0.000000
19 94 0.000000
19 95 0.000000
19 96 0.000000
19 97 0.000000
19 98 0.000000
19 99 0.000000
21 1 0.000000
21 2 0.000000
21 3 0.000000
21 4 0.000000
21 5 0.000000
21 6 0.000000
21 7 0.000000
21 8 0.000000
21 9 0.000000
21 10 0.000000
21 11 0.000000
21 12 0.000000
21 13 0.000000
21 14 0.000000
21 15 0.000000
21 16 0.000000
21 17 0.000000
21 18 0.000000
21 19 0.000000
21 20 0.000000
21 21 0.000000
21 22 0.000000
21 23 0.000000
21 24 0.000000
21 25 0.000000
21 26 0.000000
21 27 0.000000
21 28 0.000000
21 29 0.000000
21 30 0.000000
21 31 0.000000
21 32 0.000000
21 33 0.000000
21 34 0.000000
21 35 0.000000
21 36 0.000000
21 37 0.000000
21 38 0.000000
21 39 0.000000
21 40 0.000000
21 41 0.000000
21 42 0.000000
21 43 0.000000
21 44 0.000000
21 45 0.000000
21 46 0.000000
21 47 0.000000
21 48 0.000000
21 49 0.000000
21 50 0.000000
21 51 0.000000
21 52 0.000000
21 53 0.000000
21 54 0.000000
21 55 0.000000
21 56 0.000000
21 57 0.000000
21 58 0.000000
21 59 0.000000
21 60 0.000000
21 61 0.000000
21 62 0.000000
21 63 0.000000
21 64 0.000000
21 65 0.000000
21 66 0.000000
21 67 0.000000
21 68 0.000000
21 69 0.000000
21 70 0.000000
21 71 0.000000
21 72 0.000000
21 73 0.000000
21 74 0.000000
21 75 0.000000
21 76 0.000000
21 77 0.000000
21 78 0.000000
21 79 0.000000
21 80 0.000000
21 81 0.000000
21 82 0.000000
21 83 0.000000
21 84 0.000000
21 85 0.000000
21 86 0.000000
21 87 0.000000
21 88 0.000000
21 89 0.000000
21 90 0.000000
21 91 0.000000
21 92 0.000000
21 93 0.000000
21 94 0.000000
21 95 0.000000
21 96 0.000000
21 97 0.000000
21 98 0.000000
21 99 0.000000
23 1 0.000000
23 2 0.000000
23 3 0.000000
23 4 0.000000
23 5 0.000000
23 6 0.000000
23 7 0.000000
23 8 0.000000
23 9 0.000000
23 10 0.000000
23 11 0.000000
23 12 0.000000
23 13 0.000000
23 14 0.000000
23 15 0.000000
23 16 0.000000
23 17 0.000000
23 18 0.000000
23 19 0.000000
23 20 0.000000
23 21 0.000000
23 22 0.000000
23 23 0.000000
23 24 0.000000
23 25 0.000000
23 26 0.000000
23 27 0.000000
23 28 0.000000
23 29 0.000000
23 30 0.000000
23 31 0.000000
23 32 0.000000
23 33 0.000000
23 34 0.000000
23 35 0.000000
23 36 0.000000
23 37 0.000000
23 38 0.000001
23 39 0.000001
23 40 0.000001
23 41 0.000001
23 42 0.000002
23 43 0.000002
23 44 0.000003
23 45 0.000003
23 46 0.000004
23 47 0.000004
23 48 0.000005
23 49 0.000006
23 50 0.000007
23 51 0.000008
23 52 0.000009
23 53 0.000009
23 54 0.000010
23 55 0.000011
23 56 0.000012
23 57 0.000012
23 58 0.000013
23 59 0.000013
23 60 0.000014
23 61 0.000014
23 62 0.000014
23 63 0.000014
23 64 0.000013
23 65 0.000013
23 66 0.000012
23 67 0.000012
23 68 0.000011
23 69 0.000010
23 70 0.000009
23 71 0.000009
23 72 0.000008
23 73 0.000007
23 74 0.000006
23 75 0.000005
23 76 0.000004
23 77 0.000004
23 78 0.000003
23 79 0.000003
23 80 0.000002
23 81 0.000002
23 82 0.000001
23 83 0.000001
23 84 0.000001
23 85 0.000001
23 86 0.000000
23 87 0.000000
23 88 0.000000
23 89 0.000000
23 90 0.000000
23 91 0.000000
23 92 0.000000
23 93 0.000000
23 94 0.000000
23 95 0.000000
23 96 0.000000
23 97 0.000000
23 98 0.000000
23 99 0.000000
25 1 0.000000
25 2 0.000000
25 3 0.000000
25 4 0.000000
25 5 0.000000
25 6 0.000000
25 7 0.000000
25 8 0.000000
25 9 0.000000
25 10 0.000000
25 11 0.000000
25 12 0.000000
25 13 0.000000
25 14 0.000000
25 15 0.000000
25 16 0.000000
25 17 0.000000
25 18 0.000000
25 19 0.000000
25 20 0.000000
25 21 0.000000
25 22 0.000000
25 23 0.000000
25 24 0.000000
25 25 0.000000
25 26 0.000000
25 27 0.000000
25 28 0.000000
25 29 0.000000
25 30 0.000000
25 31 0.000000
25 32 0.000000
25 33 0.000000
25 34 0.000000
25 35 0.000001
25 36 0.000001
25 37 0.000001
25 38 0.000002
25 39 0.000003
25 40 0.000003
25 41 0.000005
25 42 0.000006
25 43 0.000008
25 44 0.000010
25 45 0.000013
25 46 0.000016
25 47 0.000020
25 48 0.000024
25 49 0.000029
25 50 0.000035
25 51 0.000041
25 52 0.000048
25 53 0.000056
25 54 0.000064
25 55 0.000072
25 56 0.000081
25 57 0.000089
25 58 0.000098
25 59 0.000107
25 60 0.000115
25 61 0.000122
25 62 0.000129
25 63 0.000134
25 64 0.000139
25 65 0.000142
25 66 0.000144
25 67 0.000145
25 68 0.000144
25 69 0.000142
25 70 0.000139
25 71 0.000134
25 72 0.000129
25 73 0.000122
25 74 0.000115
25 75 0.000107
25 76 0.000098
25 77 0.000089
25 78 0.000081
25 79 0.000072
25 80 0.000064
25 81 0.000056
25 82 0.000048
25 83 0.000041
25 84 0.000035
25 85 0.000029
25 86 0.000024
25 87 0.000020
25 88 0.000016
25 89 0.000013
25 90 0.000010
25 91 0.000008
25 92 0.000006
25 93 0.000005
25 94 0.000003
25 95 0.000003
25 96 0.000002
25 97 0.000001
25 98 0.000001
25 99 0.000001
27 1 0.000000
27 2 0.000000
27 3 0.000000
27 4 0.000000
27 5 0.000000
27 6 0.000000
27 7 0.000000
27 8 0.000000
27 9 0.000000
27 10 0.000000
27 11 0.000000
27 12 0.000000
27 13 0.000000
27 14 0.000000
27 15 0.000000
27 16 0.000000
27 17 0.000000
27 18 0.000000
27 19 0.000000
27 20 0.000000
27 21 0.000000
27 22 0.000000
27 23 0.000000
27 24 0.000000
27 25 0.000000
27 26 0.000000
27 27 0.000000
27 28 0.000000
27 29 0.000000
27 30 0.000000
27 31 0.000000
27 32 0.000000
27 33 0.000000
27 34 0.000000
27 35 0.000001
27 36 0.000001
27 37 0.000001
27 38 0.000002
27 39 0.000003
27 40 0.000004
27 41 0.000006
27 42 0.000008
27 43 0.000011
27 44 0.000015
27 45 0.000020
27 46 0.000026
27 47 0.000033
27 48 0.000043
27 49 0.000054
27 50 0.000067
27 51 0.000083
27 52 0.000101
27 53 0.000122
27 54 0.000146
27 55 0.000173
27 56 0.000202
27 57 0.000235
27 58 0.000269
27 59 0.000306
27 60 0.000344
27 61 0.000384
27 62 0.000424
27 63 0.000464
27 64 0.000503
27 65 0.000541
27 66 0.000576
27 67 0.000608
27 68 0.000635
27 69 0.000658
27 70 0.000676
27 71 0.000688
27 72 0.000694
27 73 0.000694
27 74 0.000688
27 75 0.000676
27 76 0.000658
27 77 0.000635
27 78 0.000608
27 79 0.000576
27 80 0.000541
27 81 0.000503
27 82 0.000464
27 83 0.000424
27 84 0.000384
27 85 0.000344
27 86 0.000306
27 87 0.000269
27 88 0.000235
27 89 0.000202
27 90 0.000173
27 91 0.000146
27 92 0.000122
27 93 0.000101
27 94 0.000083
27 95 0.000067
27 96 0.000054
27 97 0.000043
27 98 0.000033
27 99 0.000026
29 1 0.000000
29 2 0.000000
29 3 0.000000
29 4 0.000000
29 5 0.000000
29 6 0.000000
29 7 0.000000
29 8 0.000000
29 9 0.000000
29 10 0.000000
29 11 0.000000
29 12 0.000000
29 13 0.000000
29 14 0.000000
29 15 0.000000
29 16 0.000000
29 17 0.000000
29 18 0.000000
29 19 0.000000
29 20 0.000000
29 21 0.000000
29 22 0.000000
29 23 0.000000
29 24 0.000000
29 25 0.000000
29 26 0.000000
29 27 0.000000
29 28 0.000000
29 29 0.000000
29 30 0.000000
29 31 0.000000
29 32 0.000000
29 33 0.000000
29 34 0.000000
29 35 0.000000
29 36 0.000000
29 37 0.000001
29 38 0.000001
29 39 0.000002
29 40 0.000003
29 41 0.000004
29 42 0.000006
29 43 0.000008
29 44 0.000011
29 45 0.000015
29 46 0.000021
29 47 0.000028
29 48 0.000038
29 49 0.000050
29 50 0.000064
29 51 0.000083
29 52 0.000106
29 53 0.000133
29 54 0.000165
29 55 0.000204
29 56 0.000249
29 57 0.000300
29 58 0.000359
29 59 0.000426
29 60 0.000500
29 61 0.000581
29 62 0.000669
29 63 0.000764
29 64 0.000864
29 65 0.000968
29 66 0.001076
29 67 0.001186
29 68 0.001295
29 69 0.001402
29 70 0.001505
29 71 0.001603
29 72 0.001692
29 73 0.001771
29 74 0.001838
29 75 0.001893
29 76 0.001932
29 77 0.001956
29 78 0.001965
29 79 0.001956
29 80 0.001932
29 81 0.001893
29 82 0.001838
29 83 0.001771
29 84 0.001692
29 85 0.001603
29 86 0.001505
29 87 0.001402
29 88 0.001295
29 89 0.001186
29 90 0.001076
29 91 0.000968
29 92 0.000864
29 93 0.000764
29 94 0.000669
29 95 0.000581
29 96 0.000500
29 97 0.000426
29 98 0.000359
29 99 0.000300
31 1 0.000000
31 2 0.000000
31 3 0.000000
31 4 0.000000
31 5 0.000000
31 6 0.000000
31 7 0.000000
31 8 0.000000
31 9 0.000000
31 10 0.000000
31 11 0.000000
31 12 0.000000
31 13 0.000000
31 14 0.000000
31 15 0.000000
31 16 0.000000
31 17 0.000000
31 18 0.000000
31 19 0.000000
31 20 0.000000
31 21 0.000000
31 22 0.000000
31 23 0.000000
31 24 0.000000
31 25 0.000000
31 26 0.000000
31 27 0.000000
31 28 0.000000
31 29 0.000000
31 30 0.000000
31 31 0.000000
31 32 0.000000
31 33 0.000000
31 34 0.000000
31 35 0.000000
31 36 0.000000
31 37 0.000000
31 38 0.000000
31 39 0.000001
31 40 0.000001
31 41 0.000001
31 42 0.000002
31 43 0.000003
31 44 0.000005
31 45 0.000007
31 46 0.000010
31 47 0.000014
31 48 0.000020
31 49 0.000027
31 50 0.000036
31 51 0.000049
31 52 0.000064
31 53 0.000084
31 54 0.000109
31 55 0.000140
31 56 0.000177
31 57 0.000222
31 58 0.000276
31 59 0.000340
31 60 0.000415
31 61 0.000501
31 62 0.000600
31 63 0.000712
31 64 0.000837
31 65 0.000976
31 66 0.001127
31 67 0.001292
31 68 0.001467
31 69 0.001653
31 70 0.001847
31 71 0.002047
31 72 0.002250
31 73 0.002453
31 74 0.002652
31 75 0.002846
31 76 0.003029
31 77 0.003199
31 78 0.003352
31 79 0.003485
31 80 0.003595
31 81 0.003680
31 82 0.003737
31 83 0.003767
31 84 0.003767
31 85 0.003737
31 86 0.003680
31 87 0.003595
31 88 0.003485
31 89 0.003352
31 90 0.003199
31 91 0.003029
31 92 0.002846
31 93 0.002652
31 94 0.002453
31 95 0.002250
31 96 0.002047
31 97 0.001847
31 98 0.001653
31 99 0.001467
33 1 0.000000
33 2 0.000000
33 3 0.000000
33 4 0.000000
33 5 0.000000
33 6 0.000000
33 7 0.000000
33 8 0.000000
33 9 0.000000
33 10 0.000000
33 11 0.000000
33 12 0.000000
33 13 0.000000
33 14 0.000000
33 15 0.000000
33 16 0.000000
33 17 0.000000
33 18 0.000000
33 19 0.000000
33 20 0.000000
33 21 0.000000
33 22 0.000000
33 23 0.000000
33 24 0.000000
33 25 0.000000
33 26 0.000000
33 27 0.000000
33 28 0.000000
33 29 0.000000
33 30 0.000000
33 31 0.000000
33 32 0.000000
33 33 0.000000
33 34 0.000000
33 35 0.000000
33 36 0.000000
33 37 0.000000
33 38 0.000000
33 39 0.000000
33 40 0.000000
33 41 0.000000
33 42 0.000001
33 43 0.000001
33 44 0.000001
33 45 0.000002
33 46 0.000003
33 47 0.000005
33 48 0.000007
33 49 0.000009
33 50 0.000013
33 51 0.000018
33 52 0.000025
33 53 0.000034
33 54 0.000046
33 55 0.000062
33 56 0.000081
33 57 0.000105
33 58 0.000136
33 59 0.000174
33 60 0.000219
33 61 0.000275
33 62 0.000341
33 63 0.000420
33 64 0.000512
33 65 0.000619
33 66 0.000741
33 67 0.000881
33 68 0.001037
33 69 0.001212
33 70 0.001404
33 71 0.001614
33 72 0.001841
33 73 0.002083
33 74 0.002338
33 75 0.002604
33 76 0.002878
33 77 0.003157
33 78 0.003437
33 79 0.003713
33 80 0.003982
33 81 0.004238
33 82 0.004477
33 83 0.004695
33 84 0.004888
33 85 0.005051
33 86 0.005182
33 87 0.005277
33 88 0.005335
33 89 0.005355
33 90 0.005335
33 91 0.005277
33 92 0.005182
33 93 0.005051
33 94 0.004888
33 95 0.004695
33 96 0.004477
33 97 0.004238
33 98 0.003982
33 99 0.003713
35 1 0.000000
35 2 0.000000
35 3 0.000000
35 4 0.000000
35 5 0.000000
35 6 0.000000
35 7 0.000000
35 8 0.000000
35 9 0.000000
35 10 0.000000
35 11 0.000000
35 12 0.000000
35 13 0.000000
35 14 0.000000
35 15 0.000000
35 16 0.000000
35 17 0.000000
35 18 0.000000
35 19 0.000000
35 20 0.000000
35 21 0.000000
35 22 0.000000
35 23 0.000000
35 24 0.000000
35 25 0.000000
35 26 0.000000
35 27 0.000000
35 28 0.000000
35 29 0.000000
35 30 0.000000
35 31 0.000000
35 32 0.000000
35 33 0.000000
35 34 0.000000
35 35 0.000000
35 36 0.000000
35 37 0.000000
35 38 0.000000
35 39 0.000000
35 40 0.000000
35 41 0.000000
35 42 0.000000
35 43 0.000000
35 44 0.000000
35 45 0.000000
35 46 0.000001
35 47 0.000001
35 48 0.000002
35 49 0.000002
35 50 0.000003
35 51 0.000005
35 52 0.000007
35 53 0.000010
35 54 0.000014
35 55 0.000019
35 56 0.000026
35 57 0.000034
35 58 0.000046
35 59 0.000061
35 60 0.000080
35 61 0.000103
35 62 0.000133
35 63 0.000169
35 64 0.000213
35 65 0.000267
35 66 0.000330
35 67 0.000406
35 68 0.000495
35 69 0.000598
35 70 0.000717
35 71 0.000853
35 72 0.001007
35 73 0.001179
35 74 0.001369
35 75 0.001579
35 76 0.001806
35 77 0.002051
35 78 0.002312
35 79 0.002587
35 80 0.002874
35 81 0.003170
35 82 0.003470
35 83 0.003773
35 84 0.004072
35 85 0.004365
35 86 0.004645
35 87 0.004909
35 88 0.005152
35 89 0.005370
35 90 0.005558
35 91 0.005714
35 92 0.005833
35 93 0.005913
35 94 0.005954
35 95 0.005954
35 96 0.005913
35 97 0.005833
35 98 0.005714
35 99 0.005558
37 1 0.000000
37 2 0.000000
37 3 0.000000
37 4 0.000000
37 5 0.000000
37 6 0.000000
37 7 0.000000
37 8 0.000000
37 9 0.000000
37 10 0.000000
37 11 0.000000
37 12 0.000000
37 13 0.000000
37 14 0.000000
37 15 0.000000
37 16 0.000000
37 17 0.000000
37 18 0.000000
37 19 0.000000
37 20 0.000000
37 21 0.000000
37 22 0.000000
37 23 0.000000
37 24 0.000000
37 25 0.000000
37 26 0.000000
37 27 0.000000
37 28 0.000000
37 29 0.000000
37 30 0.000000
37 31 0.000000
37 32 0.000000
37 33 0.000000
37 34 0.000000
37 35 0.000000
37 36 0.000000
37 37 0.000000
37 38 0.000000
37 39 0.000000
37 40 0.000000
37 41 0.000000
37 42 0.000000
37 43 0.000000
37 44 0.000000
37 45 0.000000
37 46 0.000000
37 47 0.000000
37 48 0.000000
37 49 0.000000
37 50 0.000001
37 51 0.000001
37 52 0.000001
37 53 0.000002
37 54 0.000003
37 55 0.000004
37 56 0.000006
37 57 0.000008
37 58 0.000011
37 59 0.000015
37 60 0.000021
37 61 0.000028
37 62 0.000037
37 63 0.000049
37 64 0.000064
37 65 0.000082
37 66 0.000106
37 67 0.000134
37 68 0.000169
37 69 0.000211
37 70 0.000261
37 71 0.000320
37 72 0.000390
37 73 0.000472
37 74 0.000566
37 75 0.000674
37 76 0.000797
37 77 0.000934
37 78 0.001088
37 79 0.001258
37 80 0.001443
37 81 0.001645
37 82 0.001861
37 83 0.002091
37 84 0.002333
37 85 0.002585
37 86 0.002846
37 87 0.003111
37 88 0.003377
37 89 0.003642
37 90 0.003902
37 91 0.004153
37 92 0.004390
37 93 0.004611
37 94 0.004811
37 95 0.004986
37 96 0.005135
37 97 0.005253
37 98 0.005339
37 99 0.005392
39 1 0.000000
39 2 0.000000
39 3 0.000000
39 4 0.000000
39 5 0.000000
39 6 0.000000
39 7 0.000000
39 8 0.000000
39 9 0.000000
39 10 0.000000
39 11 0.000000
39 12 0.000000
39 13 0.000000
39 14 0.000000
39 15 0.000000
39 16 0.000000
39 17 0.000000
39 18 0.000000
39 19 0.000000
39 20 0.000000
39 21 0.000000
39 22 0.000000
39 23 0.000000
39 24 0.000000
39 25 0.000000
39 26 0.000000
39 27 0.000000
39 28 0.000000
39 29 0.000000
39 30 0.000000
39 31 0.000000
39 32 0.000000
39 33 0.000000
39 34 0.000000
39 35 0.000000
39 36 0.000000
39 37 0.000000
39 38 0.000000
39 39 0.000000
39 40 0.000000
39 41 0.000000
39 42 0.000000
39 43 0.000000
39 44 0.000000
39 45 0.000000
39 46 0.000000
39 47 0.000000
39 48 0.000000
39 49 0.000000
39 50 0.000000
39 51 0.000000
39 52 0.000000
39 53 0.000000
39 54 0.000000
39 55 0.000001
39 56 0.000001
39 57 0.000001
39 58 0.000002
39 59 0.000003
39 60 0.000004
39 61 0.000006
39 62 0.000008
39 63 0.000011
39 64 0.000014
39 65 0.000019
39 66 0.000025
39 67 0.000033
39 68 0.000043
39 69 0.000055
39 70 0.000071
39 71 0.000089
39 72 0.000112
39 73 0.000140
39 74 0.000173
39 75 0.000212
39 76 0.000259
39 77 0.000313
39 78 0.000375
39 79 0.000447
39 80 0.000529
39 81 0.000622
39 82 0.000726
39 83 0.000841
39 84 0.000968
39 85 0.001106
39 86 0.001256
39 87 0.001416
39 88 0.001587
39 89 0.001766
39 90 0.001953
39 91 0.002145
39 92 0.002341
39 93 0.002539
39 94 0.002737
39 95 0.002931
39 96 0.003119
39 97 0.003298
39 98 0.003466
39 99 0.003619
41 1 0.000000
41 2 0.000000
41 3 0.000000
41 4 0.000000
41 5 0.000000
41 6 0.000000
41 7 0.000000
41 8 0.000000
41 9 0.000000
41 10 0.000000
41 11 0.000000
41 12 0.000000
41 13 0.000000
41 14 0.000000
41 15 0.000000
41 16 0.000000
41 17 0.000000
41 18 0.000000
41 19 0.000000
41 20 0.000000
41 21 0.000000
41 22 0.000000
41 23 0.000000
41 24 0.000000
41 25 0.000000
41 26 0.000000
41 27 0.000000
41 28 0.000000
41 29 0.000000
41 30 0.000000
41 31 0.000000
41 32 0.000000
41 33 0.000000
41 34 0.000000
41 35 0.000000
41 36 0.000000
41 37 0.000000
41 38 0.000000
41 39 0.000000
41 40 0.000000
41 41 0.000000
41 42 0.000000
41 43 0.000000
41 44 0.000000
41 45 0.000000
41 46 0.000000
41 47 0.000000
41 48 0.000000
41 49 0.000000
41 50 0.000000
41 51 0.000000
41 52 0.000000
41 53 0.000000
41 54 0.000000
41 55 0.000000
41 56 0.000000
41 57 0.000000
41 58 0.000000
41 59 0.000000
41 60 0.000001
41 61 0.000001
41 62 0.000001
41 63 0.000002
41 64 0.000002
41 65 0.000003
41 66 0.000005
41 67 0.000006
41 68 0.000008
41 69 0.000011
41 70 0.000015
41 71 0.000019
41 72 0.000025
41 73 0.000032
41 74 0.000040
41 75 0.000051
41 76 0.000064
41 77 0.000080
41 78 0.000099
41 79 0.000121
41 80 0.000147
41 81 0.000178
41 82 0.000214
41 83 0.000255
41 84 0.000302
41 85 0.000356
41 86 0.000416
41 87 0.000483
41 88 0.000557
41 89 0.000638
41 90 0.000727
41 91 0.000822
41 92 0.000925
41 93 0.001033
41 94 0.001147
41 95 0.001266
41 96 0.001389
41 97 0.001514
41 98 0.001640
41 99 0.001767
43 1 0.000000
43 2 0.000000
43 3 0.000000
43 4 0.000000
43 5 0.000000
43 6 0.000000
43 7 0.000000
43 8 0.000000
43 9 0.000000
43 10 0.000000
43 11 0.000000
43 12 0.000000
43 13 0.000000
43 14 0.000000
43 15 0.000000
43 16 0.000000
43 17 0.000000
43 18 0.000000
43 19 0.000000
43 20 0.000000
43 21 0.000000
43 22 0.000000
43 23 0.000000
43 24 0.000000
43 25 0.000000
43 26 0.000000
43 27 0.000000
43 28 0.000000
43 29 0.000000
43 30 0.000000
43 31 0.000000
43 32 0.000000
43 33 0.000000
43 34 0.000000
43 35 0.000000
43 36 0.000000
43 37 0.000000
43 38 0.000000
43 39 0.000000
43 40 0.000000
43 41 0.000000
43 42 0.000000
43 43 0.000000
43 44 0.000000
43 45 0.000000
43 46 0.000000
43 47 0.000000
43 48 0.000000
43 49 0.000000
43 50 0.000000
43 51 0.000000
43 52 0.000000
43 53 0.000000
43 54 0.000000
43 55 0.000000
43 56 0.000000
43 57 0.000000
43 58 0.000000
43 59 0.000000
43 60 0.000000
43 61 0.000000
43 62 0.000000
43 63 0.000000
43 64 0.000000
43 65 0.000000
43 66 0.000001
43 67 0.000001
43 68 0.000001
43 69 0.000002
43 70 0.000002
43 71 0.000003
43 72 0.000004
43 73 0.000006
43 74 0.000007
43 75 0.000010
43 76 0.000012
43 77 0.000016
43 78 0.000020
43 79 0.000026
43 80 0.000032
43 81 0.000040
43 82 0.000049
43 83 0.000060
43 84 0.000073
43 85 0.000089
43 86 0.000107
43 87 0.000127
43 88 0.000151
43 89 0.000178
43 90 0.000208
43 91 0.000242
43 92 0.000280
43 93 0.000322
43 94 0.000367
43 95 0.000417
43 96 0.000470
43 97 0.000527
43 98 0.000588
43 99 0.000651
45 1 0.000000
45 2 0.000000
45 3 0.000000
45 4 0.000000
45 5 0.000000
45 6 0.000000
45 7 0.000000
45 8 0.000000
45 9 0.000000
45 10 0.000000
45 11 0.000000
45 12 0.000000
45 13 0.000000
45 14 0.000000
45 15 0.000000
45 16 0.000000
45 17 0.000000
45 18 0.000000
45 19 0.000000
45 20 0.000000
45 21 0.000000
45 22 0.000000
45 23 0.000000
45 24 0.000000
45 25 0.000000
45 26 0.000000
45 27 0.000000
45 28 0.000000
45 29 0.000000
45 30 0.000000
45 31 0.000000
45 32 0.000000
45 33 0.000000
45 34 0.000000
45 35 0.000000
45 36 0.000000
45 37 0.000000
45 38 0.000000
45 39 0.000000
45 40 0.000000
45 41 0.000000
45 42 0.000000
45 43 0.000000
45 44 0.000000
45 45 0.000000
45 46 0.000000
45 47 0.000000
45 48 0.000000
45 49 0.000000
45 50 0.000000
45 51 0.000000
45 52 0.000000
45 53 0.000000
45 54 0.000000
45 55 0.000000
45 56 0.000000
45 57 0.000000
45 58 0.000000
45 59 0.000000
45 60 0.000000
45 61 0.000000
45 62 0.000000
45 63 0.000000
45 64 0.000000
45 65 0.000000
45 66 0.000000
45 67 0.000000
45 68 0.000000
45 69 0.000000
45 70 0.000000
45 71 0.000000
45 72 0.000001
45 73 0.000001
45 74 0.000001
45 75 0.000001
45 76 0.000002
45 77 0.000003
45 78 0.000003
45 79 0.000004
45 80 0.000006
45 81 0.000007
45 82 0.000009
45 83 0.000011
45 84 0.000014
45 85 0.000018
45 86 0.000022
45 87 0.000027
45 88 0.000032
45 89 0.000039
45 90 0.000047
45 91 0.000056
45 92 0.000067
45 93 0.000079
45 94 0.000092
45 95 0.000108
45 96 0.000125
45 97 0.000144
45 98 0.000164
45 99 0.000187
47 1 0.000000
47 2 0.000000
47 3 0.000000
47 4 0.000000
47 5 0.000000
47 6 0.000000
47 7 0.000000
47 8 0.000000
47 9 0.000000
47 10 0.000000
47 11 0.000000
47 12 0.000000
47 13 0.000000
47 14 0.000000
47 15 0.000000
47 16 0.000000
47 17 0.000000
47 18 0.000000
47 19 0.000000
47 20 0.000000
47 21 0.000000
47 22 0.000000
47 23 0.000000
47 24 0.000000
47 25 0.000000
47 26 0.000000
47 27 0.000000
47 28 0.000000
47 29 0.000000
47 30 0.000000
47 31 0.000000
47 32 0.000000
47 33 0.000000
47 34 0.000000
47 35 0.000000
47 36 0.000000
47 37 0.000000
47 38 0.000000
47 39 0.000000
47 40 0.000000
47 41 0.000000
47 42 0.000000
47 43 0.000000
47 44 0.000000
47 45 0.000000
47 46 0.000000
47 47 0.000000
47 48 0.000000
47 49 0.000000
47 50 0.000000
47 51 0.000000
47 52 0.000000
47 53 0.000000
47 54 0.000000
47 55 0.000000
47 56 0.000000
47 57 0.000000
47 58 0.000000
47 59 0.000000
47 60 0.000000
47 61 0.000000
47 62 0.000000
47 63 0.000000
47 64 0.000000
47 65 0.000000
47 66 0.000000
47 67 0.000000
47 68 0.000000
47 69 0.000000
47 70 0.000000
47 71 0.000000
47 72 0.000000
47 73 0.000000
47 74 0.000000
47 75 0.000000
47 76 0.000000
47 77 0.000000
47 78 0.000000
47 79 0.000001
47 80 0.000001
47 81 0.000001
47 82 0.000001
47 83 0.000002
47 84 0.000002
47 85 0.000003
47 86 0.000004
47 87 0.000004
47 88 0.000006
47 89 0.000007
47 90 0.000009
47 91 0.000011
47 92 0.000013
47 93 0.000015
47 94 0.000019
47 95 0.000022
47 96 0.000026
47 97 0.000031
47 98 0.000037
47 99 0.000043
49 1 0.000000
49 2 0.000000
49 3 0.000000
49 4 0.000000
49 5 0.000000
49 6 0.000000
49 7 0.000000
49 8 0.000000
49 9 0.000000
49 10 0.000000
49 11 0.000000
49 12 0.000000
49 13 0.000000
49 14 0.000000
49 15 0.000000
49 16 0.000000
49 17 0.000000
49 18 0.000000
49 19 0.000000
49 20 0.000000
49 21 0.000000
49 22 0.000000
49 23 0.000000
49 24 0.000000
49 25 0.000000
49 26 0.000000
49 27 0.000000
49 28 0.000000
49 29 0.000000
49 30 0.000000
49 31 0.000000
49 32 0.000000
49 33 0.000000
49 34 0.000000
49 35 0.000000
49 36 0.000000
49 37 0.000000
49 38 0.000000
49 39 0.000000
49 40 0.000000
49 41 0.000000
49 42 0.000000
49 43 0.000000
49 44 0.000000
49 45 0.000000
49 46 0.000000
49 47 0.000000
49 48 0.000000
49 49 0.000000
49 50 0.000000
49 51 0.000000
49 52 0.000000
49 53 0.000000
49 54 0.000000
49 55 0.000000
49 56 0.000000
49 57 0.000000
49 58 0.000000
49 59 0.000000
49 60 0.000000
49 61 0.000000
49 62 0.000000
49 63 0.000000
49 64 0.000000
49 65 0.000000
49 66 0.000000
49 67 0.000000
49 68 0.000000
49 69 0.000000
49 70 0.000000
49 71 0.000000
49 72 0.000000
49 73 0.000000
49 74 0.000000
49 75 0.000000
49 76 0.000000
49 77 0.000000
49 78 0.000000
49 79 0.000000
49 80 0.000000
49 81 0.000000
49 82 0.000000
49 83 0.000000
49 84 0.000000
49 85 0.000000
49 86 0.000000
49 87 0.000001
49 88 0.000001
49 89 0.000001
49 90 0.000001
49 91 0.000002
49 92 0.000002
49 93 0.000003
49 94 0.000003
49 95 0.000004
49 96 0.000005
49 97 0.000006
49 98 0.000007
49 99 0.000008
51 1 0.000000
51 2 0.000000
51 3 0.000000
51 4 0.000000
51 5 0.000000
51 6 0.000000
51 7 0.000000
51 8 0.000000
51 9 0.000000
51 10 0.000000
51 11 0.000000
51 12 0.000000
51 13 0.000000
51 14 0.000000
51 15 0.000000
51 16 0.000000
51 17 0.000000
51 18 0.000000
51 19 0.000000
51 20 0.000000
51 21 0.000000
51 22 0.000000
51 23 0.000000
51 24 0.000000
51 25 0.000000
51 26 0.000000
51 27 0.000000
51 28 0.000000
51 29 0.000000
51 30 0.000000
51 31 0.000000
51 32 0.000000
51 33 0.000000
51 34 0.000000
51 35 0.000000
51 36 0.000000
51 37 0.000000
51 38 0.000000
51 39 0.000000
51 40 0.000000
51 41 0.000000
51 42 0.000000
51 43 0.000000
51 44 0.000000
51 45 0.000000
51 46 0.000000
51 47 0.000000
51 48 0.000000
51 49 0.000000
51 50 0.000000
51 51 0.000000
51 52 0.000000
51 53 0.000000
51 54 0.000000
51 55 0.000000
51 56 0.000000
51 57 0.000000
51 58 0.000000
51 59 0.000000
51 60 0.000000
51 61 0.000000
51 62 0.000000
51 63 0.000000
51 64 0.000000
51 65 0.000000
51 66 0.000000
51 67 0.000000
51 68 0.000000
51 69 0.000000
51 70 0.000000
51 71 0.000000
51 72 0.000000
51 73 0.000000
51 74 0.000000
51 75 0.000000
51 76 0.000000
51 77 0.000000
51 78 0.000000
51 79 0.000000
51 80 0.000000
51 81 0.000000
51 82 0.000000
51 83 0.000000
51 84 0.000000
51 85 0.000000
51 86 0.000000
51 87 0.000000
51 88 0.000000
51 89 0.000000
51 90 0.000000
51 91 0.000000
51 92 0.000000
51 93 0.000000
51 94 0.000000
51 95 0.000001
51 96 0.000001
51 97 0.000001
51 98 0.000001
51 99 0.000001
53 1 0.000000
53 2 0.000000
53 3 0.000000
53 4 0.000000
53 5 0.000000
53 6 0.000000
53 7 0.000000
53 8 0.000000
53 9 0.000000
53 10 0.000000
53 11 0.000000
53 12 0.000000
53 13 0.000000
53 14 0.000000
53 15 0.000000
53 16 0.000000
53 17 0.000000
53 18 0.000000
53 19 0.000000
53 20 0.000000
53 21 0.000000
53 22 0.000000
53 23 0.000000
53 24 0.000000
53 25 0.000000
53 26 0.000000
53 27 0.000000
53 28 0.000000
53 29 0.000000
53 30 0.000000
53 31 0.000000
53 32 0.000000
53 33 0.000000
53 34 0.000000
53 35 0.000000
53 36 0.000000
53 37 0.000000
53 38 0.000000
53 39 0.000000
53 40 0.000000
53 41 0.000000
53 42 0.000000
53 43 0.000000
53 44 0.000000
53 45 0.000000
53 46 0.000000
53 47 0.000000
53 48 0.000000
53 49 0.000000
53 50 0.000000
53 51 0.000000
53 52 0.000000
53 53 0.000000
53 54 0.000000
53 55 0.000000
53 56 0.000000
53 57 0.000000
53 58 0.000000
53 59 0.000000
53 60 0.000000
53 61 0.000000
53 62 0.000000
53 63 0.000000
53 64 0.000000
53 65 0.000000
53 66 0.000000
53 67 0.000000
53 68 0.000000
53 69 0.000000
53 70 0.000000
53 71 0.000000
53 72 0.000000
53 73 0.000000
53 74 0.000000
53 75 0.000000
53 76 0.000000
53 77 0.000000
53 78 0.000000
53 79 0.000000
53 80 0.000000
53 81 0.000000
53 82 0.000000
53 83 0.000000
53 84 0.000000
53 85 0.000000
53 86 0.000000
53 87 0.000000
53 88 0.000000
53 89 0.000000
53 90 0.000000
53 91 0.000000
53 92 0.000000
53 93 0.000000
53 94 0.000000
53 95 0.000000
53 96 0.000000
53 97 0.000000
53 98 0.000000
53 99 0.000000
55 1 0.000000
55 2 0.000000
55 3 0.000000
55 4 0.000000
55 5 0.000000
55 6 0.000000
55 7 0.000000
55 8 0.000000
55 9 0.000000
55 10 0.000000
55 11 0.000000
55 12 0.000000
55 13 0.000000
55 14 0.000000
55 15 0.000000
55 16 0.000000
55 17 0.000000
55 18 0.000000
55 19 0.000000
55 20 0.000000
55 21 0.000000
55 22 0.000000
55 23 0.000000
55 24 0.000000
55 25 0.000000
55 26 0.000000
55 27 0.000000
55 28 0.000000
55 29 0.000000
55 30 0.000000
55 31 0.000000
55 32 0.000000
55 33 0.000000
55 34 0.000000
55 35 0.000000
55 36 0.000000
55 37 0.000000
55 38 0.000000
55 39 0.000000
55 40 0.000000
55 41 0.000000
55 42 0.000000
55 43 0.000000
55 44 0.000000
55 45 0.000000
55 46 0.000000
55 47 0.000000
55 48 0.000000
55 49 0.000000
55 50 0.000000
55 51 0.000000
55 52 0.000000
55 53 0.000000
55 54 0.000000
55 55 0.000000
55 56 0.000000
55 57 0.000000
55 58 0.000000
55 59 0.000000
55 60 0.000000
55 61 0.000000
55 62 0.000000
55 63 0.000000
55 64 0.000000
55 65 0.000000
55 66 0.000000
55 67 0.000000
55 68 0.000000
55 69 0.000000
55 70 0.000000
55 71 0.000000
55 72 0.000000
55 73 0.000000
55 74 0.000000
55 75 0.000000
55 76 0.000000
55 77 0.000000
55 78 0.000000
55 79 0.000000
55 80 0.000000
55 81 0.000000
55 82 0.000000
55 83 0.000000
55 84 0.000000
55 85 0.000000
55 86 0.000000
55 87 0.000000
55 88 0.000000
55 89 0.000000
55 90 0.000000
55 91 0.000000
55 92 0.000000
55 93 0.000000
55 94 0.000000
55 95 0.000000
55 96 0.000000
55 97 0.000000
55 98 0.000000
55 99 0.000000
57 1 0.000000
57 2 0.000000
57 3 0.000000
57 4 0.000000
57 5 0.000000
57 6 0.000000
57 7 0.000000
57 8 0.000000
57 9 0.000000
57 10 0.000000
57 11 0.000000
57 12 0.000000
57 13 0.000000
57 14 0.000000
57 15 0.000000
57 16 0.000000
57 17 0.000000
57 18 0.000000
57 19 0.000000
57 20 0.000000
57 21 0.000000
57 22 0.000000
57 23 0.000000
57 24 0.000000
57 25 0.000000
57 26 0.000000
57 27 0.000000
57 28 0.000000
57 29 0.000000
57 30 0.000000
57 31 0.000000
57 32 0.000000
57 33 0.000000
57 34 0.000000
57 35 0.000000
57 36 0.000000
57 37 0.000000
57 38 0.000000
57 39 0.000000
57 40 0.000000
57 41 0.000000
57 42 0.000000
57 43 0.000000
57 44 0.000000
57 45 0.000000
57 46 0.000000
57 47 0.000000
57 48 0.000000
57 49 0.000000
57 50 0.000000
57 51 0.000000
57 52 0.000000
57 53 0.000000
57 54 0.000000
57 55 0.000000
57 56 0.000000
57 57 0.000000
57 58 0.000000
57 59 0.000000
57 60 0.000000
57 61 0.000000
57 62 0.000000
57 63 0.000000
57 64 0.000000
57 65 0.000000
57 66 0.000000
57 67 0.000000
57 68 0.000000
57 69 0.000000
57 70 0.000000
57 71 0.000000
57 72 0.000000
57 73 0.000000
57 74 0.000000
57 75 0.000000
57 76 0.000000
57 77 0.000000
57 78 0.000000
57 79 0.000000
57 80 0.000000
57 81 0.000000
57 82 0.000000
57 83 0.000000
57 84 0.000000
57 85 0.000000
57 86 0.000000
57 87 0.000000
57 88 0.000000
57 89 0.000000
57 90 0.000000
57 91 0.000000
57 92 0.000000
57 93 0.000000
57 94 0.000000
57 95 0.000000
57 96 0.000000
57 97 0.000000
57 98 0.000000
57 99 0.000000
59 1 0.000000
59 2 0.000000
59 3 0.000000
59 4 0.000000
59 5 0.000000
59 6 0.000000
59 7 0.000000
59 8 0.000000
59 9 0.000000
59 10 0.000000
59 11 0.000000
59 12 0.000000
59 13 0.000000
59 14 0.000000
59 15 0.000000
59 16 0.000000
59 17 0.000000
59 18 0.000000
59 19 0.000000
59 20 0.000000
59 21 0.000000
59 22 0.000000
59 23 0.000000
59 24 0.000000
59 25 0.000000
59 26 0.000000
59 27 0.000000
59 28 0.000000
59 29 0.000000
59 30 0.000000
59 31 0.000000
59 32 0.000000
59 33 0.000000
59 34 0.000000
59 35 0.000000
59 36 0.000000
59 37 0.000000
59 38 0.000000
59 39 0.000000
59 40 0.000000
59 41 0.000000
59 42 0.000000
59 43 0.000000
59 44 0.000000
59 45 0.000000
59 46 0.000000
59 47 0.000000
59 48 0.000000
59 49 0.000000
59 50 0.000000
59 51 0.000000
59 52 0.000000
59 53 0.000000
59 54 0.000000
59 55 0.000000
59 56 0.000000
59 57 0.000000
59 58 0.000000
59 59 0.000000
59 60 0.000000
59 61 0.000000
59 62 0.000000
59 63 0.000000
59 64 0.000000
59 65 0.000000
59 66 0.000000
59 67 0.000000
59 68 0.000000
59 69 0.000000
59 70 0.000000
59 71 0.000000
59 72 0.000000
59 73 0.000000
59 74 0.000000
59 75 0.000000
59 76 0.000000
59 77 0.000000
59 78 0.000000
59 79 0.000000
59 80 0.000000
59 81 0.000000
59 82 0.000000
59 83 0.000000
59 84 0.000000
59 85 0.000000
59 86 0.000000
59 87 0.000000
59 88 0.000000
59 89 0.000000
59 90 0.000000
59 91 0.000000
59 92 0.000000
59 93 0.000000
59 94 0.000000
59 95 0.000000
59 96 0.000000
59 97 0.000000
59 98 0.000000
59 99 0.000000
61 1 0.000000
61 2 0.000000
61 3 0.000000
61 4 0.000000
61 5 0.000000
61 6 0.000000
61 7 0.000000
61 8 0.000000
61 9 0.000000
61 10 0.000000
61 11 0.000000
61 12 0.000000
61 13 0.000000
61 14 0.000000
61 15 0.000000
61 16 0.000000
61 17 0.000000
61 18 0.000000
61 19 0.000000
61 20 0.000000
61 21 0.000000
61 22 0.000000
61 23 0.000000
61 24 0.000000
61 25 0.000000
61 26 0.000000
61 27 0.000000
61 28 0.000000
61 29 0.000000
61 30 0.000000
61 31 0.000000
61 32 0.000000
61 33 0.000000
61 34 0.000000
61 35 0.000000
61 36 0.000000
61 37 0.000000
61 38 0.000000
61 39 0.000000
61 40 0.000000
61 41 0.000000
61 42 0.000000
61 43 0.000000
61 44 0.000000
61 45 0.000000
61 46 0.000000
61 47 0.000000
61 48 0.000000
61 49 0.000000
61 50 0.000000
61 51 0.000000
61 52 0.000000
61 53 0.000000
61 54 0.000000
61 55 0.000000
61 56 0.000000
61 57 0.000000
61 58 0.000000
61 59 0.000000
61 60 0.000000
61 61 0.000000
61 62 0.000000
61 63 0.000000
61 64 0.000000
61 65 0.000000
61 66 0.000000
61 67 0.000000
61 68 0.000000
61 69 0.000000
61 70 0.000000
61 71 0.000000
61 72 0.000000
61 73 0.000000
61 74 0.000000
61 75 0.000000
61 76 0.000000
61 77 0.000000
61 78 0.000000
61 79 0.000000
61 80 0.000000
61 81 0.000000
61 82 0.000000
61 83 0.000000
61 84 0.000000
61 85 0.000000
61 86 0.000000
61 87 0.000000
61 88 0.000000
61 89 0.000000
61 90 0.000000
61 91 0.000000
61 92 0.000000
61 93 0.000000
61 94 0.000000
61 95 0.000000
61 96 0.000000
61 97 0.000000
61 98 0.000000
61 99 0.000000
63 1 0.000000
63 2 0.000000
63 3 0.000000
63 4 0.000000
63 5 0.000000
63 6 0.000000
63 7 0.000000
63 8 0.000000
63 9 0.000000
63 10 0.000000
63 11 0.000000
63 12 0.000000
63 13 0.000000
63 14 0.000000
63 15 0.000000
63 16 0.000000
63 17 0.000000
63 18 0.000000
63 19 0.000000
63 20 0.000000
63 21 0.000000
63 22 0.000000
63 23 0.000000
63 24 0.000000
63 25 0.000000
63 26 0.000000
63 27 0.000000
63 28 0.000000
63 29 0.000000
63 30 0.000000
63 31 0.000000
63 32 0.000000
63 33 0.000000
63 34 0.000000
63 35 0.000000
63 36 0.000000
63 37 0.000000
63 38 0.000000
63 39 0.000000
63 40 0.000000
63 41 0.000000
63 42 0.000000
63 43 0.000000
63 44 0.000000
63 45 0.000000
63 46 0.000000
63 47 0.000000
63 48 0.000000
63 49 0.000000
63 50 0.000000
63 51 0.000000
63 52 0.000000
63 53 0.000000
63 54 0.000000
63 55 0.000000
63 56 0.000000
63 57 0.000000
63 58 0.000000
63 59 0.000000
63 60 0.000000
63 61 0.000000
63 62 0.000000
63 63 0.000000
63 64 0.000000
63 65 0.000000
63 66 0.000000
63 67 0.000000
63 68 0.000000
63 69 0.000000
63 70 0.000000
63 71 0.000000
63 72 0.000000
63 73 0.000000
63 74 0.000000
63 75 0.000000
63 76 0.000000
63 77 0.000000
63 78 0.000000
63 79 0.000000
63 80 0.000000
63 81 0.000000
63 82 0.000000
63 83 0.000000
63 84 0.000000
63 85 0.000000
63 86 0.000000
63 87 0.000000
63 88 0.000000
63 89 0.000000
63 90 0.000000
63 91 0.000000
63 92 0.000000
63 93 0.000000
63 94 0.000000
63 95 0.000000
63 96 0.000000
63 97 0.000000
63 98 0.000000
63 99 0.000000
65 1 0.000000
65 2 0.000000
65 3 0.000000
65 4 0.000000
65 5 0.000000
65 6 0.000000
65 7 0.000000
65 8 0.000000
65 9 0.000000
65 10 0.000000
65 11 0.000000
65 12 0.000000
65 13 0.000000
65 14 0.000000
65 15 0.000000
65 16 0.000000
65 17 0.000000
65 18 0.000000
65 19 0.000000
65 20 0.000000
65 21 0.000000
65 22 0.000000
65 23 0.000000
65 24 0.000000
65 25 0.000000
65 26 0.000000
65 27 0.000000
65 28 0.000000
65 29 0.000000
65 30 0.000000
65 31 0.000000
65 32 0.000000
65 33 0.000000
65 34 0.000000
65 35 0.000000
65 36 0.000000
65 37 0.000000
65 38 0.000000
65 39 0.000000
65 40 0.000000
65 41 0.000000
65 42 0.000000
65 43 0.000000
65 44 0.000000
65 45 0.000000
65 46 0.000000
65 47 0.000000
65 48 0.000000
65 49 0.000000
65 50 0.000000
65 51 0.000000
65 52 0.000000
65 53 0.000000
65 54 0.000000
65 55 0.000000
65 56 0.000000
65 57 0.000000
65 58 0.000000
65 59 0.000000
65 60 0.000000
65 61 0.000000
65 62 0.000000
65 63 0.000000
65 64 0.000000
65 65 0.000000
65 66 0.000000
65 67 0.000000
65 68 0.000000
65 69 0.000000
65 70 0.000000
65 71 0.000000
65 72 0.000000
65 73 0.000000
65 74 0.000000
65 75 0.000000
65 76 0.000000
65 77 0.000000
65 78 0.000000
65 79 0.000000
65 80 0.000000
65 81 0.000000
65 82 0.000000
65 83 0.000000
65 84 0.000000
65 85 0.000000
65 86 0.000000
65 87 0.000000
65 88 0.000000
65 89 0.000000
65 90 0.000000
65 91 0.000000
65 92 0.000000
65 93 0.000000
65 94 0.000000
65 95 0.000000
65 96 0.000000
65 97 0.000000
65 98 0.000000
65 99 0.000000
67 1 0.000000
67 2 0.000000
67 3 0.000000
67 4 0.000000
67 5 0.000000
67 6 0.000000
67 7 0.000000
67 8 0.000000
67 9 0.000000
67 10 0.000000
67 11 0.000000
67 12 0.000000
67 13 0.000000
67 14 0.000000
67 15 0.000000
67 16 0.000000
67 17 0.000000
67 18 0.000000
67 19 0.000000
67 20 0.000000
67 21 0.000000
67 22 0.000000
67 23 0.000000
67 24 0.000000
67 25 0.000000
67 26 0.000000
67 27 0.000000
67 28 0.000000
67 29 0.000000
67 30 0.000000
67 31 0.000000
67 32 0.000000
67 33 0.000000
67 34 0.000000
67 35 0.000000
67 36 0.000000
67 37 0.000000
67 38 0.000000
67 39 0.000000
67 40 0.000000
67 41 0.000000
67 42 0.000000
67 43 0.000000
67 44 0.000000
67 45 0.000000
67 46 0.000000
67 47 0.000000
67 48 0.000000
67 49 0.000000
67 50 0.000000
67 51 0.000000
67 52 0.000000
67 53 0.000000
67 54 0.000000
67 55 0.000000
67 56 0.000000
67 57 0.000000
67 58 0.000000
67 59 0.000000
67 60 0.000000
67 61 0.000000
67 62 0.000000
67 63 0.000000
67 64 0.000000
67 65 0.000000
67 66 0.000000
67 67 0.000000
67 68 0.000000
67 69 0.000000
67 70 0.000000
67 71 0.000000
67 72 0.000000
67 73 0.000000
67 74 0.000000
67 75 0.000000
67 76 0.000000
67 77 0.000000
67 78 0.000000
67 79 0.000000
67 80 0.000000
67 81 0.000000
67 82 0.000000
67 83 0.000000
67 84 0.000000
67 85 0.000000
67 86 0.000000
67 87 0.000000
67 88 0.000000
67 89 0.000000
67 90 0.000000
67 91 0.000000
67 92 0.000000
67 93 0.000000
67 94 0.000000
67 95 0.000000
67 96 0.000000
67 97 0.000000
67 98 0.000000
67 99 0.000000
69 1 0.000000
69 2 0.000000
69 3 0.000000
69 4 0.000000
69 5 0.000000
69 6 0.000000
69 7 0.000000
69 8 0.000000
69 9 0.000000
69 10 0.000000
69 11 0.000000
69 12 0.000000
69 13 0.000000
69 14 0.000000
69 15 0.000000
69 16 0.000000
69 17 0.000000
69 18 0.000000
69 19 0.000000
69 20 0.000000
69 21 0.000000
69 22 0.000000
69 23 0.000000
69 24 0.000000
69 25 0.000000
69 26 0.000000
69 27 0.000000
69 28 0.000000
69 29 0.000000
69 30 0.000000
69 31 0.000000
69 32 0.000000
69 33 0.000000
69 34 0.000000
69 35 0.000000
69 36 0.000000
69 37 0.000000
69 38 0.000000
69 39 0.000000
69 40 0.000000
69 41 0.000000
69 42 0.000000
69 43 0.000000
69 44 0.000000
69 45 0.000000
69 46 0.000000
69 47 0.000000
69 48 0.000000
69 49 0.000000
69 50 0.000000
69 51 0.000000
69 52 0.000000
69 53 0.000000
69 54 0.000000
69 55 0.000000
69 56 0.000000
69 57 0.000000
69 58 0.000000
69 59 0.000000
69 60 0.000000
69 61 0.000000
69 62 0.000000
69 63 0.000000
69 64 0.000000
69 65 0.000000
69 66 0.000000
69 67 0.000000
69 68 0.000000
69 69 0.000000
69 70 0.000000
69 71 0.000000
69 72 0.000000
69 73 0.000000
69 74 0.000000
69 75 0.000000
69 76 0.000000
69 77 0.000000
69 78 0.000000
69 79 0.000000
69 80 0.000000
69 81 0.000000
69 82 0.000000
69 83 0.000000
69 84 0.000000
69 85 0.000000
69 86 0.000000
69 87 0.000000
69 88 0.000000
69 89 0.000000
69 90 0.000000
69 91 0.000000
69 92 0.000000
69 93 0.000000
69 94 0.000000
69 95 0.000000
69 96 0.000000
69 97 0.000000
69 98 0.000000
69 99 0.000000
71 1 0.000000
71 2 0.000000
71 3 0.000000
71 4 0.000000
71 5 0.000000
71 6 0.000000
71 7 0.000000
71 8 0.000000
71 9 0.000000
71 10 0.000000
71 11 0.000000
71 12 0.000000
71 13 0.000000
71 14 0.000000
71 15 0.000000
71 16 0.000000
71 17 0.000000
71 18 0.000000
71 19 0.000000
71 20 0.000000
71 21 0.000000
71 22 0.000000
71 23 0.000000
71 24 0.000000
71 25 0.000000
71 26 0.000000
71 27 0.000000
71 28 0.000000
71 29 0.000000
71 30 0.000000
71 31 0.000000
71 32 0.000000
71 33 0.000000
71 34 0.000000
71 35 0.000000
71 36 0.000000
71 37 0.000000
71 38 0.000000
71 39 0.000000
71 40 0.000000
71 41 0.000000
71 42 0.000000
71 43 0.000000
71 44 0.000000
71 45 0.000000
71 46 0.000000
71 47 0.000000
71 48 0.000000
71 49 0.000000
71 50 0.000000
71 51 0.000000
71 52 0.000000
71 53 0.000000
71 54 0.000000
71 55 0.000000
71 56 0.000000
71 57 0.000000
71 58 0.000000
71 59 0.000000
71 60 0.000000
71 61 0.000000
71 62 0.000000
71 63 0.000000
71 64 0.000000
71 65 0.000000
71 66 0.000000
71 67 0.000000
71 68 0.000000
71 69 0.000000
71 70 0.000000
71 71 0.000000
71 72 0.000000
71 73 0.000000
71 74 0.000000
71 75 0.000000
71 76 0.000000
71 77 0.000000
71 78 0.000000
71 79 0.000000
71 80 0.000000
71 81 0.000000
71 82 0.000000
71 83 0.000000
71 84 0.000000
71 85 0.000000
71 86 0.000000
71 87 0.000000
71 88 0.000000
71 89 0.000000
71 90 0.000000
71 91 0.000000
71 92 0.000000
71 93 0.000000
71 94 0.000000
71 95 0.000000
71 96 0.000000
71 97 0.000000
71 98 0.000000
71 99 0.000000
73 1 0.000000
73 2 0.000000
73 3 0.000000
73 4 0.000000
73 5 0.000000
73 6 0.000000
73 7 0.000000
73 8 0.000000
73 9 0.000000
73 10 0.000000
73 11 0.000000
73 12 0.000000
73 13 0.000000
73 14 0.000000
73 15 0.000000
73 16 0.000000
73 17 0.000000
73 18 0.000000
73 19 0.000000
73 20 0.000000
73 21 0.000000
73 22 0.000000
73 23 0.000000
73 24 0.000000
73 25 0.000000
73 26 0.000000
73 27 0.000000
73 28 0.000000
73 29 0.000000
73 30 0.000000
73 31 0.000000
73 32 0.000000
73 33 0.000000
73 34 0.000000
73 35 0.000000
73 36 0.000000
73 37 0.000000
73 38 0.000000
73 39 0.000000
73 40 0.000000
73 41 0.000000
73 42 0.000000
73 43 0.000000
73 44 0.000000
73 45 0.000000
73 46 0.000000
73 47 0.000000
73 48 0.000000
73 49 0.000000
73 50 0.000000
73 51 0.000000
73 52 0.000000
73 53 0.000000
73 54 0.000000
73 55 0.000000
73 56 0.000000
73 57 0.000000
73 58 0.000000
73 59 0.000000
73 60 0.000000
73 61 0.000000
73 62 0.000000
73 63 0.000000
73 64 0.000000
73 65 0.000000
73 66 0.000000
73 67 0.000000
73 68 0.000000
73 69 0.000000
73 70 0.000000
73 71 0.000000
73 72 0.000000
73 73 0.000000
73 74 0.000000
73 75 0.000000
73 76 0.000000
73 77 0.000000
73 78 0.000000
73 79 0.000000
73 80 0.000000
73 81 0.000000
73 82 0.000000
73 83 0.000000
73 84 0.000000
73 85 0.000000
73 86 0.000000
73 87 0.000000
73 88 0.000000
73 89 0.000000
73 90 0.000000
73 91 0.000000
73 92 0.000000
73 93 0.000000
73 94 0.000000
73 95 0.000000
73 96 0.000000
73 97 0.000000
73 98 0.000000
73 99 0.000000
75 1 0.000000
75 2 0.000000
75 3 0.000000
75 4 0.000000
75 5 0.000000
75 6 0.000000
75 7 0.000000
75 8 0.000000
75 9 0.000000
75 10 0.000000
75 11 0.000000
75 12 0.000000
75 13 0.000000
75 14 0.000000
75 15 0.000000
75 16 0.000000
75 17 0.000000
75 18 0.000000
75 19 0.000000
75 20 0.000000
75 21 0.000000
75 22 0.000000
75 23 0.000000
75 24 0.000000
75 25 0.000000
75 26 0.000000
75 27 0.000000
75 28 0.000000
75 29 0.000000
75 30 0.000000
75 31 0.000000
75 32 0.000000
75 33 0.000000
75 34 0.000000
75 35 0.000000
75 36 0.000000
75 37 0.000000
75 38 0.000000
75 39 0.000000
75 40 0.000000
75 41 0.000000
75 42 0.000000
75 43 0.000000
75 44 0.000000
75 45 0.000000
75 46 0.000000
75 47 0.000000
75 48 0.000000
75 49 0.000000
75 50 0.000000
75 51 0.000000
75 52 0.000000
75 53 0.000000
75 54 0.000000
75 55 0.000000
75 56 0.000000
75 57 0.000000
75 58 0.000000
75 59 0.000000
75 60 0.000000
75 61 0.000000
75 62 0.000000
75 63 0.000000
75 64 0.000000
75 65 0.000000
75 66 0.000000
75 67 0.000000
75 68 0.000000
75 69 0.000000
75 70 0.000000
75 71 0.000000
75 72 0.000000
75 73 0.000000
75 74 0.000000
75 75 0.000000
75 76 0.000000
75 77 0.000000
75 78 0.000000
75 79 0.000000
75 80 0.000000
75 81 0.000000
75 82 0.000000
75 83 0.000000
75 84 0.000000
75 85 0.000000
75 86 0.000000
75 87 0.000000
75 88 0.000000
75 89 0.000000
75 90 0.000000
75 91 0.000000
75 92 0.000000
75 93 0.000000
75 94 0.000000
75 95 0.000000
75 96 0.000000
75 97 0.000000
75 98 0.000000
75 99 0.000000
77 1 0.000000
77 2 0.000000
77 3 0.000000
77 4 0.000000
77 5 0.000000
77 6 0.000000
77 7 0.000000
77 8 0.000000
77 9 0.000000
77 10 0.000000
77 11 0.000000
77 12 0.000000
77 13 0.000000
77 14 0.000000
77 15 0.000000
77 16 0.000000
77 17 0.000000
77 18 0.000000
77 19 0.000000
77 20 0.000000
77 21 0.000000
77 22 0.000000
77 23 0.000000
77 24 0.000000
77 25 0.000000
77 26 0.000000
77 27 0.000000
77 28 0.000000
77 29 0.000000
77 30 0.000000
77 31 0.000000
77 32 0.000000
77 33 0.000000
77 34 0.000000
77 35 0.000000
77 36 0.000000
77 37 0.000000
77 38 0.000000
77 39 0.000000
77 40 0.000000
77 41 0.000000
77 42 0.000000
77 43 0.000000
77 44 0.000000
77 45 0.000000
77 46 0.000000
77 47 0.000000
77 48 0.000000
77 49 0.000000
77 50 0.000000
77 51 0.000000
77 52 0.000000
77 53 0.000000
77 54 0.000000
77 55 0.000000
77 56 0.000000
77 57 0.000000
77 58 0.000000
77 59 0.000000
77 60 0.000000
77 61 0.000000
77 62 0.000000
77 63 0.000000
77 64 0.000000
77 65 0.000000
77 66 0.000000
77 67 0.000000
77 68 0.000000
77 69 0.000000
77 70 0.000000
77 71 0.000000
77 72 0.000000
77 73 0.000000
77 74 0.000000
77 75 0.000000
77 76 0.000000
77 77 0.000000
77 78 0.000000
77 79 0.000000
77 80 0.000000
77 81 0.000000
77 82 0.000000
77 83 0.000000
77 84 0.000000
77 85 0.000000
77 86 0.000000
77 87 0.000000
77 88 0.000000
77 89 0.000000
77 90 0.000000
77 91 0.000000
77 92 0.000000
77 93 0.000000
77 94 0.000000
77 95 0.000000
77 96 0.000000
77 97 0.000000
77 98 0.000000
77 99 0.000000
79 1 0.000000
79 2 0.000000
79 3 0.000000
79 4 0.000000
79 5 0.000000
79 6 0.000000
79 7 0.000000
79 8 0.000000
79 9 0.000000
79 10 0.000000
79 11 0.000000
79 12 0.000000
79 13 0.000000
79 14 0.000000
79 15 0.000000
79 16 0.000000
79 17 0.000000
79 18 0.000000
79 19 0.000000
79 20 0.000000
79 21 0.000000
79 22 0.000000
79 23 0.000000
79 24 0.000000
79 25 0.000000
79 26 0.000000
79 27 0.000000
79 28 0.000000
79 29 0.000000
79 30 0.000000
79 31 0.000000
79 32 0.000000
79 33 0.000000
79 34 0.000000
79 35 0.000000
79 36 0.000000
79 37 0.000000
79 38 0.000000
79 39 0.000000
79 40 0.000000
79 41 0.000000
79 42 0.000000
79 43 0.000000
79 44 0.000000
79 45 0.000000
79 46 0.000000
79 47 0.000000
79 48 0.000000
79 49 0.000000
79 50 0.000000
79 51 0.000000
79 52 0.000000
79 53 0.000000
79 54 0.000000
79 55 0.000000
79 56 0.000000
79 57 0.000000
79 58 0.000000
79 59 0.000000
79 60 0.000000
79 61 0.000000
79 62 0.000000
79 63 0.000000
79 64 0.000000
79 65 0.000000
79 66 0.000000
79 67 0.000000
79 68 0.000000
79 69 0.000000
79 70 0.000000
79 71 0.000000
79 72 0.000000
79 73 0.000000
79 74 0.000000
79 75 0.000000
79 76 0.000000
79 77 0.000000
79 78 0.000000
79 79 0.000000
79 80 0.000000
79 81 0.000000
79 82 0.000000
79 83 0.000000
79 84 0.000000
79 85 0.000000
79 86 0.000000
79 87 0.000000
79 88 0.000000
79 89 0.000000
79 90 0.000000
79 91 0.000000
79 92 0.000000
79 93 0.000000
79 94 0.000000
79 95 0.000000
79 96 0.000000
79 97 0.000000
79 98 0.000000
79 99 0.000000
81 1 0.000000
81 2 0.000000
81 3 0.000000
81 4 0.000000
81 5 0.000000
81 6 0.000000
81 7 0.000000
81 8 0.000000
81 9 0.000000
81 10 0.000000
81 11 0.000000
81 12 0.000000
81 13 0.000000
81 14 0.000000
81 15 0.000000
81 16 0.000000
81 17 0.000000
81 18 0.000000
81 19 0.000000
81 20 0.000000
81 21 0.000000
81 22 0.000000
81 23 0.000000
81 24 0.000000
81 25 0.000000
81 26 0.000000
81 27 0.000000
81 28 0.000000
81 29 0.000000
81 30 0.000000
81 31 0.000000
81 32 0.000000
81 33 0.000000
81 34 0.000000
81 35 0.000000
81 36 0.000000
81 37 0.000000
81 38 0.000000
81 39 0.000000
81 40 0.000000
81 41 0.000000
81 42 0.000000
81 43 0.000000
81 44 0.000000
81 45 0.000000
81 46 0.000000
81 47 0.000000
81 48 0.000000
81 49 0.000000
81 50 0.000000
81 51 0.000000
81 52 0.000000
81 53 0.000000
81 54 0.000000
81 55 0.000000
81 56 0.000000
81 57 0.000000
81 58 0.000000
81 59 0.000000
81 60 0.000000
81 61 0.000000
81 62 0.000000
81 63 0.000000
81 64 0.000000
81 65 0.000000
81 66 0.000000
81 67 0.000000
81 68 0.000000
81 69 0.000000
81 70 0.000000
81 71 0.000000
81 72 0.000000
81 73 0.000000
81 74 0.000000
81 75 0.000000
81 76 0.000000
81 77 0.000000
81 78 0.000000
81 79 0.000000
81 80 0.000000
81 81 0.000000
81 82 0.000000
81 83 0.000000
81 84 0.000000
81 85 0.000000
81 86 0.000000
81 87 0.000000
81 88 0.000000
81 89 0.000000
81 90 0.000000
81 91 0.000000
81 92 0.000000
81 93 0.000000
81 94 0.000000
81 95 0.000000
81 96 0.000000
81 97 0.000000
81 98 0.000000
81 99 0.000000
83 1 0.000000
83 2 0.000000
83 3 0.000000
83 4 0.000000
83 5 0.000000
83 6 0.000000
83 7 0.000000
83 8 0.000000
83 9 0.000000
83 10 0.000000
83 11 0.000000
83 12 0.000000
83 13 0.000000
83 14 0.000000
83 15 0.000000
83 16 0.000000
83 17 0.000000
83 18 0.000000
83 19 0.000000
83 20 0.000000
83 21 0.000000
83 22 0.000000
83 23 0.000000
83 24 0.000000
83 25 0.000000
83 26 0.000000
83 27 0.000000
83 28 0.000000
83 29 0.000000
83 30 0.000000
83 31 0.000000
83 32 0.000000
83 33 0.000000
83 34 0.000000
83 35 0.000000
83 36 0.000000
83 37 0.000000
83 38 0.000000
83 39 0.000000
83 40 0.000000
83 41 0.000000
83 42 0.000000
83 43 0.000000
83 44 0.000000
83 45 0.000000
83 46 0.000000
83 47 0.000000
83 48 0.000000
83 49 0.000000
83 50 0.000000
83 51 0.000000
83 52 0.000000
83 53 0.000000
83 54 0.000000
83 55 0.000000
83 56 0.000000
83 57 0.000000
83 58 0.000000
83 59 0.000000
83 60 0.000000
83 61 0.000000
83 62 0.000000
83 63 0.000000
83 64 0.000000
83 65 0.000000
83 66 0.000000
83 67 0.000000
83 68 0.000000
83 69 0.000000
83 70 0.000000
83 71 0.000000
83 72 0.000000
83 73 0.000000
83 74 0.000000
83 75 0.000000
83 76 0.000000
83 77 0.000000
83 78 0.000000
83 79 0.000000
83 80 0.000000
83 81 0.000000
83 82 0.000000
83 83 0.000000
83 84 0.000000
83 85 0.000000
83 86 0.000000
83 87 0.000000
83 88 0.000000
83 89 0.000000
83 90 0.000000
83 91 0.000000
83 92 0.000000
83 93 0.000000
83 94 0.000000
83 95 0.000000
83 96 0.000000
83 97 0.000000
83 98 0.000000
83 99 0.000000
85 1 0.000000
85 2 0.000000
85 3 0.000000
85 4 0.000000
85 5 0.000000
85 6 0.000000
85 7 0.000000
85 8 0.000000
85 9 0.000000
85 10 0.000000
85 11 0.000000
85 12 0.000000
85 13 0.000000
85 14 0.000000
85 15 0.000000
85 16 0.000000
85 17 0.000000
85 18 0.000000
85 19 0.000000
85 20 0.000000
85 21 0.000000
85 22 0.000000
85 23 0.000000
85 24 0.000000
85 25 0.000000
85 26 0.000000
85 27 0.000000
85 28 0.000000
85 29 0.000000
85 30 0.000000
85 31 0.000000
85 32 0.000000
85 33 0.000000
85 34 0.000000
85 35 0.000000
85 36 0.000000
85 37 0.000000
85 38 0.000000
85 39 0.000000
85 40 0.000000
85 41 0.000000
85 42 0.000000
85 43 0.000000
85 44 0.000000
85 45 0.000000
85 46 0.000000
85 47 0.000000
85 48 0.000000
85 49 0.000000
85 50 0.000000
85 51 0.000000
85 52 0.000000
85 53 0.000000
85 54 0.000000
85 55 0.000000
85 56 0.000000
85 57 0.000000
85 58 0.000000
85 59 0.000000
85 60 0.000000
85 61 0.000000
85 62 0.000000
85 63 0.000000
85 64 0.000000
85 65 0.000000
85 66 0.000000
85 67 0.000000
85 68 0.000000
85 69 0.000000
85 70 0.000000
85 71 0.000000
85 72 0.000000
85 73 0.000000
85 74 0.000000
85 75 0.000000
85 76 0.000000
85 77 0.000000
85 78 0.000000
85 79 0.000000
85 80 0.000000
85 81 0.000000
85 82 0.000000
85 83 0.000000
85 84 0.000000
85 85 0.000000
85 86 0.000000
85 87 0.000000
85 88 0.000000
85 89 0.000000
85 90 0.000000
85 91 0.000000
85 92 0.000000
85 93 0.000000
85 94 0.000000
85 95 0.000000
85 96 0.000000
85 97 0.000000
85 98 0.000000
85 99 0.000000
87 1 0.000000
87 2 0.000000
87 3 0.000000
87 4 0.000000
87 5 0.000000
87 6 0.000000
87 7 0.000000
87 8 0.000000
87 9 0.000000
87 10 0.000000
87 11 0.000000
87 12 0.000000
87 13 0.000000
87 14 0.000000
87 15 0.000000
87 16 0.000000
87 17 0.000000
87 18 0.000000
87 19 0.000000
87 20 0.000000
87 21 0.000000
87 22 0.000000
87 23 0.000000
87 24 0.000000
87 25 0.000000
87 26 0.000000
87 27 0.000000
87 28 0.000000
87 29 0.000000
87 30 0.000000
87 31 0.000000
87 32 0.000000
87 33 0.000000
87 34 0.000000
87 35 0.000000
87 36 0.000000
87 37 0.000000
87 38 0.000000
87 39 0.000000
87 40 0.000000
87 41 0.000000
87 42 0.000000
87 43 0.000000
87 44 0.000000
87 45 0.000000
87 46 0.000000
87 47 0.000000
87 48 0.000000
87 49 0.000000
87 50 0.000000
87 51 0.000000
87 52 0.000000
87 53 0.000000
87 54 0.000000
87 55 0.000000
87 56 0.000000
87 57 0.000000
87 58 0.000000
87 59 0.000000
87 60 0.000000
87 61 0.000000
87 62 0.000000
87 63 0.000000
87 64 0.000000
87 65 0.000000
87 66 0.000000
87 67 0.000000
87 68 0.000000
87 69 0.000000
87 70 0.000000
87 71 0.000000
87 72 0.000000
87 73 0.000000
87 74 0.000000
87 75 0.000000
87 76 0.000000
87 77 0.000000
87 78 0.000000
87 79 0.000000
87 80 0.000000
87 81 0.000000
87 82 0.000000
87 83 0.000000
87 84 0.000000
87 85 0.000000
87 86 0.000000
87 87 0.000000
87 88 0.000000
87 89 0.000000
87 90 0.000000
87 91 0.000000
87 92 0.000000
87 93 0.000000
87 94 0.000000
87 95 0.000000
87 96 0.000000
87 97 0.000000
87 98 0.000000
87 99 0.000000
89 1 0.000000
89 2 0.000000
89 3 0.000000
89 4 0.000000
89 5 0.000000
89 6 0.000000
89 7 0.000000
89 8 0.000000
89 9 0.000000
89 10 0.000000
89 11 0.000000
89 12 0.000000
89 13 0.000000
89 14 0.000000
89 15 0.000000
89 16 0.000000
89 17 0.000000
89 18 0.000000
89 19 0.000000
89 20 0.000000
89 21 0.000000
89 22 0.000000
89 23 0.000000
89 24 0.000000
89 25 0.000000
89 26 0.000000
89 27 0.000000
89 28 0.000000
89 29 0.000000
89 30 0.000000
89 31 0.000000
89 32 0.000000
89 33 0.000000
89 34 0.000000
89 35 0.000000
89 36 0.000000
89 37 0.000000
89 38 0.000000
89 39 0.000000
89 40 0.000000
89 41 0.000000
89 42 0.000000
89 43 0.000000
89 44 0.000000
89 45 0.000000
89 46 0.000000
89 47 0.000000
89 48 0.000000
89 49 0.000000
89 50 0.000000
89 51 0.000000
89 52 0.000000
89 53 0.000000
89 54 0.000000
89 55 0.000000
89 56 0.000000
89 57 0.000000
89 58 0.000000
89 59 0.000000
89 60 0.000000
89 61 0.000000
89 62 0.000000
89 63 0.000000
89 64 0.000000
89 65 0.000000
89 66 0.000000
89 67 0.000000
89 68 0.000000
89 69 0.000000
89 70 0.000000
89 71 0.000000
89 72 0.000000
89 73 0.000000
89 74 0.000000
89 75 0.000000
89 76 0.000000
89 77 0.000000
89 78 0.000000
89 79 0.000000
89 80 0.000000
89 81 0.000000
89 82 0.000000
89 83 0.000000
89 84 0.000000
89 85 0.000000
89 86 0.000000
89 87 0.000000
89 88 0.000000
89 89 0.000000
89 90 0.000000
89 91 0.000000
89 92 0.000000
89 93 0.000000
89 94 0.000000
89 95 0.000000
89 96 0.000000
89 97 0.000000
89 98 0.000000
89 99 0.000000
91 1 0.000000
91 2 0.000000
91 3 0.000000
91 4 0.000000
91 5 0.000000
91 6 0.000000
91 7 0.000000
91 8 0.000000
91 9 0.000000
91 10 0.000000
91 11 0.000000
91 12 0.000000
91 13 0.000000
91 14 0.000000
91 15 0.000000
91 16 0.000000
91 17 0.000000
91 18 0.000000
91 19 0.000000
91 20 0.000000
91 21 0.000000
91 22 0.000000
91 23 0.000000
91 24 0.000000
91 25 0.000000
91 26 0.000000
91 27 0.000000
91 28 0.000000
91 29 0.000000
91 30 0.000000
91 31 0.000000
91 32 0.000000
91 33 0.000000
91 34 0.000000
91 35 0.000000
91 36 0.000000
91 37 0.000000
91 38 0.000000
91 39 0.000000
91 40 0.000000
91 41 0.000000
91 42 0.000000
91 43 0.000000
91 44 0.000000
91 45 0.000000
91 46 0.000000
91 47 0.000000
91 48 0.000000
91 49 0.000000
91 50 0.000000
91 51 0.000000
91 52 0.000000
91 53 0.000000
91 54 0.000000
91 55 0.000000
91 56 0.000000
91 57 0.000000
91 58 0.000000
91 59 0.000000
91 60 0.000000
91 61 0.000000
91 62 0.000000
91 63 0.000000
91 64 0.000000
91 65 0.000000
91 66 0.000000
91 67 0.000000
91 68 0.000000
91 69 0.000000
91 70 0.000000
91 71 0.000000
91 72 0.000000
91 73 0.000000
91 74 0.000000
91 75 0.000000
91 76 0.000000
91 77 0.000000
91 78 0.000000
91 79 0.000000
91 80 0.000000
91 81 0.000000
91 82 0.000000
91 83 0.000000
91 84 0.000000
91 85 0.000000
91 86 0.000000
91 87 0.000000
91 88 0.000000
91 89 0.000000
91 90 0.000000
91 91 0.000000
91 92 0.000000
91 93 0.000000
91 94 0.000000
91 95 0.000000
91 96 0.000000
91 97 0.000000
91 98 0.000000
91 99 0.000000
93 1 0.000000
93 2 0.000000
93 3 0.000000
93 4 0.000000
93 5 0.000000
93 6 0.000000
93 7 0.000000
93 8 0.000000
93 9 0.000000
93 10 0.000000
93 11 0.000000
93 12 0.000000
93 13 0.000000
93 14 0.000000
93 15 0.000000
93 16 0.000000
93 17 0.000000
93 18 0.000000
93 19 0.000000
93 20 0.000000
93 21 0.000000
93 22 0.000000
93 23 0.000000
93 24 0.000000
93 25 0.000000
93 26 0.000000
93 27 0.000000
93 28 0.000000
93 29 0.000000
93 30 0.000000
93 31 0.000000
93 32 0.000000
93 33 0.000000
93 34 0.000000
93 35 0.000000
93 36 0.000000
93 37 0.000000
93 38 0.000000
93 39 0.000000
93 40 0.000000
93 41 0.000000
93 42 0.000000
93 43 0.000000
93 44 0.000000
93 45 0.000000
93 46 0.000000
93 47 0.000000
93 48 0.000000
93 49 0.000000
93 50 0.000000
93 51 0.000000
93 52 0.000000
93 53 0.000000
93 54 0.000000
93 55 0.000000
93 56 0.000000
93 57 0.000000
93 58 0.000000
93 59 0.000000
93 60 0.000000
93 61 0.000000
93 62 0.000000
93 63 0.000000
93 64 0.000000
93 65 0.000000
93 66 0.000000
93 67 0.000000
93 68 0.000000
93 69 0.000000
93 70 0.000000
93 71 0.000000
93 72 0.000000
93 73 0.000000
93 74 0.000000
93 75 0.000000
93 76 0.000000
93 77 0.000000
93 78 0.000000
93 79 0.000000
93 80 0.000000
93 81 0.000000
93 82 0.000000
93 83 0.000000
93 84 0.000000
93 85 0.000000
93 86 0.000000
93 87 0.000000
93 88 0.000000
93 89 0.000000
93 90 0.000000
93 91 0.000000
93 92 0.000000
93 93 0.000000
93 94 0.000000
93 95 0.000000
93 96 0.000000
93 97 0.000000
93 98 0.000000
93 99 0.000000
95 1 0.000000
95 2 0.000000
95 3 0.000000
95 4 0.000000
95 5 0.000000
95 6 0.000000
95 7 0.000000
95 8 0.000000
95 9 0.000000
95 10 0.000000
95 11 0.000000
95 12 0.000000
95 13 0.000000
95 14 0.000000
95 15 0.000000
95 16 0.000000
95 17 0.000000
95 18 0.000000
95 19 0.000000
95 20 0.000000
95 21 0.000000
95 22 0.000000
95 23 0.000000
95 24 0.000000
95 25 0.000000
95 26 0.000000
95 27 0.000000
95 28 0.000000
95 29 0.000000
95 30 0.000000
95 31 0.000000
95 32 0.000000
95 33 0.000000
95 34 0.000000
95 35 0.000000
95 36 0.000000
95 37 0.000000
95 38 0.000000
95 39 0.000000
95 40 0.000000
95 41 0.000000
95 42 0.000000
95 43 0.000000
95 44 0.000000
95 45 0.000000
95 46 0.000000
95 47 0.000000
95 48 0.000000
95 49 0.000000
95 50 0.000000
95 51 0.000000
95 52 0.000000
95 53 0.000000
95 54 0.000000
95 55 0.000000
95 56 0.000000
95 57 0.000000
95 58 0.000000
95 59 0.000000
95 60 0.000000
95 61 0.000000
95 62 0.000000
95 63 0.000000
95 64 0.000000
95 65 0.000000
95 66 0.000000
95 67 0.000000
95 68 0.000000
95 69 0.000000
95 70 0.000000
95 71 0.000000
95 72 0.000000
95 73 0.000000
95 74 0.000000
95 75 0.000000
95 76 0.000000
95 77 0.000000
95 78 0.000000
95 79 0.000000
95 80 0.000000
95 81 0.000000
95 82 0.000000
95 83 0.000000
95 84 0.000000
95 85 0.000000
95 86 0.000000
95 87 0.000000
95 88 0.000000
95 89 0.000000
95 90 0.000000
95 91 0.000000
95 92 0.000000
95 93 0.000000
95 94 0.000000
95 95 0.000000
95 96 0.000000
95 97 0.000000
95 98 0.000000
95 99 0.000000
97 1 0.000000
97 2 0.000000
97 3 0.000000
97 4 0.000000
97 5 0.000000
97 6 0.000000
97 7 0.000000
97 8 0.000000
97 9 0.000000
97 10 0.000000
97 11 0.000000
97 12 0.000000
97 13 0.000000
97 14 0.000000
97 15 0.000000
97 16 0.000000
97 17 0.000000
97 18 0.000000
97 19 0.000000
97 20 0.000000
97 21 0.000000
97 22 0.000000
97 23 0.000000
97 24 0.000000
97 25 0.000000
97 26 0.000000
97 27 0.000000
97 28 0.000000
97 29 0.000000
97 30 0.000000
97 31 0.000000
97 32 0.000000
97 33 0.000000
97 34 0.000000
97 35 0.000000
97 36 0.000000
97 37 0.000000
97 38 0.000000
97 39 0.000000
97 40 0.000000
97 41 0.000000
97 42 0.000000
97 43 0.000000
97 44 0.000000
97 45 0.000000
97 46 0.000000
97 47 0.000000
97 48 0.000000
97 49 0.000000
97 50 0.000000
97 51 0.000000
97 52 0.000000
97 53 0.000000
97 54 0.000000
97 55 0.000000
97 56 0.000000
97 57 0.000000
97 58 0.000000
97 59 0.000000
97 60 0.000000
97 61 0.000000
97 62 0.000000
97 63 0.000000
97 64 0.000000
97 65 0.000000
97 66 0.000000
97 67 0.000000
97 68 0.000000
97 69 0.000000
97 70 0.000000
97 71 0.000000
97 72 0.000000
97 73 0.000000
97 74 0.000000
97 75 0.000000
97 76 0.000000
97 77 0.000000
97 78 0.000000
97 79 0.000000
97 80 0.000000
97 81 0.000000
97 82 0.000000
97 83 0.000000
97 84 0.000000
97 85 0.000000
97 86 0.000000
97 87 0.000000
97 88 0.000000
97 89 0.000000
97 90 0.000000
97 91 0.000000
97 92 0.000000
97 93 0.000000
97 94 0.000000
97 95 0.000000
97 96 0.000000
97 97 0.000000
97 98 0.000000
97 99 0.000000
99 1 0.000000
99 2 0.000000
99 3 0.000000
99 4 0.000000
99 5 0.000000
99 6 0.000000
99 7 0.000000
99 8 0.000000
99 9 0.000000
99 10 0.000000
99 11 0.000000
99 12 0.000000
99 13 0.000000
99 14 0.000000
99 15 0.000000
99 16 0.000000
99 17 0.000000
99 18 0.000000
99 19 0.000000
99 20 0.000000
99 21 0.000000
99 22 0.000000
99 23 0.000000
99 24 0.000000
99 25 0.000000
99 26 0.000000
99 27 0.000000
99 28 0.000000
99 29 0.000000
99 30 0.000000
99 31 0.000000
99 32 0.000000
99 33 0.000000
99 34 0.000000
99 35 0.000000
99 36 0.000000
99 37 0.000000
99 38 0.000000
99 39 0.000000
99 40 0.000000
99 41 0.000000
99 42 0.000000
99 43 0.000000
99 44 0.000000
99 45 0.000000
99 46 0.000000
99 47 0.000000
99 48 0.000000
99 49 0.000000
99 50 0.000000
99 51 0.000000
99 52 0.000000
99 53 0.000000
99 54 0.000000
99 55 0.000000
99 56 0.000000
99 57 0.000000
99 58 0.000000
99 59 0.000000
99 60 0.000000
99 61 0.000000
99 62 0.000000
99 63 0.000000
99 64 0.000000
99 65 0.000000
99 66 0.000000
99 67 0.000000
99 68 0.000000
99 69 0.000000
99 70 0.000000
99 71 0.000000
99 72 0.000000
99 73 0.000000
99 74 0.000000
99 75 0.000000
99 76 0.000000
99 77 0.000000
99 78 0.000000
99 79 0.000000
99 80 0.000000
99 81 0.000000
99 82 0.000000
99 83 0.000000
99 84 0.000000
99 85 0.000000
99 86 0.000000
99 87 0.000000
99 88 0.000000
99 89 0.000000
99 90 0.000000
99 91 0.000000
99 92 0.000000
99 93 0.000000
99 94 0.000000
99 95 0.000000
99 96 0.000000
99 97 0.000000
99 98 0.000000
99 99 0.000000
851821903
